-1.224472 -1.264775 1 
-1.554792 -0.883650 1 
-1.108966 -1.271606 1 
-1.288905 -1.222922 1 
-0.800303 -1.592338 1 
-1.314673 -1.200115 1 
-1.366416 -1.137826 1 
-1.609171 -1.037772 1 
-1.092544 -1.329600 1 
-1.292063 -1.321378 1 
-0.976187 -1.494754 1 
-1.383087 -0.962117 1 
-1.222883 -1.272895 1 
-1.053268 -1.524264 1 
-1.659282 -0.691439 1 
-1.565494 -0.867596 1 
-1.596987 -0.848133 1 
-0.762787 -1.692351 1 
-1.685243 -0.706921 1 
-1.376813 -1.128270 1 
-1.394175 -1.071811 1 
-1.291957 -1.217237 1 
-1.466764 -0.900253 1 
-1.591670 -1.051719 1 
-1.424024 -1.052040 1 
-1.210830 -1.384445 1 
-1.335841 -1.170253 1 
-1.614071 -0.678037 1 
-1.516727 -0.925699 1 
-0.828177 -1.661369 1 
-0.813385 -1.523731 1 
-1.102166 -1.389069 1 
-1.091326 -1.471713 1 
-1.713036 -0.804140 1 
-0.710399 -1.635147 1 
-1.445569 -0.896761 1 
-1.095254 -1.489412 1 
-1.593875 -0.727773 1 
-1.696722 -0.739688 1 
-1.369972 -1.180538 1 
-0.953893 -1.411860 1 
-1.285239 -1.182867 1 
-0.922533 -1.584302 1 
-0.794606 -1.567095 1 
-1.061792 -1.408570 1 
-1.222670 -1.355352 1 
-1.203531 -1.304660 1 
-1.232640 -1.054363 1 
-0.845655 -1.622864 1 
-1.240665 -1.361621 1 
-0.992532 -1.445913 1 
-1.021035 -1.452550 1 
-1.392969 -1.122859 1 
-1.142143 -1.404730 1 
-1.083639 -1.427950 1 
-1.436971 -0.932705 1 
-1.057262 -1.529204 1 
-0.759200 -1.598865 1 
-0.928017 -1.527573 1 
-1.019511 -1.517124 1 
-1.289836 -1.192546 1 
-1.549174 -0.890808 1 
-1.622540 -0.709646 1 
-1.363876 -1.057986 1 
-1.272004 -1.330968 1 
-1.472192 -1.019798 1 
-0.778539 -1.562036 1 
-1.336921 -1.149636 1 
-0.905760 -1.487336 1 
-1.592491 -0.858081 1 
-1.059381 -1.601609 1 
-1.392640 -1.123320 1 
-0.860657 -1.600657 1 
-1.262409 -1.307926 1 
-0.772636 -1.591087 1 
-1.448395 -1.125823 1 
-1.586753 -0.859320 1 
-1.312066 -1.178582 1 
-1.300867 -1.174282 1 
-1.348077 -1.074374 1 
-1.160234 -1.421021 1 
-0.825753 -1.555440 1 
-1.456962 -0.789925 1 
-0.702349 -1.611891 1 
-0.854562 -1.592751 1 
-0.822903 -1.561400 1 
-1.647989 -0.823059 1 
-1.256361 -1.294643 1 
-1.386377 -0.999793 1 
-1.087170 -1.413080 1 
-1.503648 -0.941596 1 
-1.642618 -0.875955 1 
-0.812051 -1.690029 1 
-1.591643 -0.701308 1 
-1.351247 -1.082703 1 
