-0.329536 -1.645183 2 
-0.677072 -1.593900 2 
-0.286400 -1.597665 2 
-0.788974 -1.589829 2 
-0.559269 -1.815065 2 
-0.936723 -1.515223 2 
-0.232334 -1.797197 2 
-0.542988 -1.670465 2 
-0.826392 -1.710797 2 
-0.334460 -1.887258 2 
-0.492083 -1.704679 2 
-0.667645 -1.736250 2 
-0.327319 -1.728145 2 
-0.158772 -1.822799 2 
-0.519877 -1.665168 2 
-0.880231 -1.682896 2 
-0.766832 -1.499328 2 
-0.270713 -1.634697 2 
-0.328129 -1.657375 2 
-0.693300 -1.635129 2 
-0.538973 -1.508537 2 
-0.940938 -1.349342 2 
-0.260501 -1.813134 2 
-0.939820 -1.605069 2 
-0.770632 -1.552410 2 
-0.308192 -1.791005 2 
-1.054975 -1.389403 2 
-0.554565 -1.673719 2 
-0.163621 -1.848633 2 
-0.360959 -1.741388 2 
-0.837984 -1.654600 2 
-0.388718 -1.628876 2 
-0.460170 -1.772425 2 
-0.598154 -1.758860 2 
-1.013645 -1.400626 2 
-1.036011 -1.428021 2 
-0.705494 -1.600249 2 
-0.582672 -1.830731 2 
-0.656142 -1.496213 2 
-0.395748 -1.679545 2 
-0.801963 -1.562813 2 
-0.889517 -1.547339 2 
-0.665129 -1.623513 2 
-0.761653 -1.534897 2 
-0.886174 -1.459005 2 
-0.854207 -1.622453 2 
-0.725245 -1.596990 2 
-0.321216 -1.793379 2 
-0.761556 -1.567163 2 
-0.698167 -1.588392 2 
-0.906085 -1.577211 2 
-0.844423 -1.529403 2 
-0.317147 -1.761196 2 
-0.654510 -1.646010 2 
-0.473953 -1.078867 -1 
-0.197431 -1.894828 2 
-0.163890 -1.898227 2 
-0.844347 -1.734795 2 
-0.280328 -1.714489 2 
-0.281372 -1.766909 2 
