0.705075 0.396839 1
0.500798 0.569905 1
0.726797 0.194568 1
0.603538 0.667029 1
-0.036046 0.736962 1
0.289606 0.714186 1
0.637340 0.541464 1
0.508806 0.757808 1
0.718128 0.526044 1
0.643738 0.526979 1
0.737001 0.367819 1
0.454321 0.745754 1
0.292270 0.684317 1
0.419006 0.764351 1
-0.067646 0.690525 1
0.731726 0.535095 1
0.542020 0.733095 1
0.615850 0.649844 1
0.738962 0.373446 1
0.670153 0.339203 1
0.446775 0.677701 1
0.689851 0.661027 1
0.462156 0.722336 1
0.701398 0.552554 1
0.430399 0.722692 1
0.017916 0.755190 1
0.715518 0.190964 1
0.392979 0.578248 1
0.551027 0.688791 1
0.161811 0.750169 1
0.568343 0.712856 1
0.672098 0.554168 1
0.632609 0.678797 1
0.518275 0.589238 1
0.572479 0.328041 1
-0.034986 0.713844 1
0.301779 0.751194 1
0.654928 0.576228 1
0.698394 0.187324 1
0.723828 0.568788 1
0.725082 0.571446 1
0.651846 0.405846 1
0.590387 0.538516 1
0.703775 0.699854 1
-0.154467 0.765135 1
0.502584 0.629529 1
0.571703 0.731682 1
-0.075860 0.679468 1
0.071424 0.584759 1
0.434198 0.596830 1
0.380114 0.695427 1
0.592391 0.591692 1
0.488152 0.597201 1
0.538384 0.753210 1
0.672515 0.348813 1
0.376171 0.716175 1
0.586752 0.717603 1
0.427762 0.750919 1
0.721604 0.320530 1
0.709797 0.453867 1
0.696026 0.402771 1
0.683608 0.324333 1
0.547295 0.562426 1
0.484825 0.574534 1
0.725940 0.490716 1
