-0.920946 -0.269539 1008 
-0.920946 -0.269539 1008 
-0.424507 0.721157 1008 
-0.916003 0.093171 1008 
-0.871974 -0.138226 1008 
-0.871974 -0.138226 1008 
0.175850 0.915387 1008 
-0.916027 -0.040501 1008 
-0.819154 0.086042 1008 
-0.839919 0.307150 1008 
-0.894734 0.158543 1008 
-0.788553 0.436515 1008 
0.089959 0.855554 1008 
0.021658 0.911409 1008 
-0.941240 0.137244 1008 
-0.747536 0.498561 1008 
0.099508 0.878488 1008 
0.133694 0.924315 1008 
-0.753979 0.329149 1008 
0.071467 0.892664 1008 
-0.962825 0.125489 1008 
-0.893041 0.291779 1008 
-0.300912 0.880659 1008 
-0.300912 0.880659 1008 
-0.058856 0.903645 1008 
-0.936040 0.351978 1008 
0.151266 0.905064 1008 
-0.020160 0.800676 1008 
-0.068141 0.861557 1008 
-0.810183 -0.361975 1008 
-0.810183 -0.361975 1008 
-0.930390 0.318047 1008 
-0.380923 0.755753 1008 
-0.719140 0.460827 1008 
-0.852879 0.114654 1008 
-0.262582 0.746761 1008 
-0.243509 0.888247 1008 
-0.243509 0.888247 1008 
-0.811135 -0.317648 1008 
-0.811135 -0.317648 1008 
-0.840929 0.223117 1008 
-0.807047 -0.212350 1008 
-0.807047 -0.212350 1008 
-0.899487 -0.162757 1008 
-0.899487 -0.162757 1008 
-0.879786 -0.096485 1008 
-0.879786 -0.096485 1008 
-0.216856 0.863726 1008 
-0.216856 0.863726 1008 
-0.393664 0.751207 1008 
-0.851170 -0.354578 1008 
-0.851170 -0.354578 1008 
-0.609209 0.565434 1008 
-0.246779 0.804559 1008 
-0.485091 0.825347 1008 
-0.748629 0.505062 1008 
-0.211875 0.878457 1008 
-0.211875 0.878457 1008 
-0.770721 -0.135490 1008 
-0.770721 -0.135490 1008 
-0.512084 0.727590 1008 
-0.928169 -0.178483 1008 
-0.928169 -0.178483 1008 
-0.336923 0.801238 1008 
-0.624521 0.603887 1008 
-0.404277 0.743502 1008 
-0.880706 0.001849 1008 
-0.905244 -0.005649 1008 
-0.052698 0.894932 1008 
-0.349005 0.799567 1008 
-0.773884 0.396188 1008 
-0.919272 0.187349 1008 
0.148941 0.876707 1008 
-0.113645 0.892693 1008 
-0.113645 0.892693 1008 
-0.726332 0.466448 1008 
-0.605547 0.472905 1008 
-0.335284 0.919410 1008 
-0.335284 0.919410 1008 
-0.908155 0.263275 1008 
-0.683434 0.612443 1008 
-0.756323 0.425212 1008 
-0.710945 0.546493 1008 
-0.569554 0.644586 1008 
-0.869688 -0.086803 1008 
-0.869688 -0.086803 1008 
-0.944584 0.106023 1008 
-0.361986 0.822795 1008 
-0.901275 0.106001 1008 
0.148516 0.922102 1008 
-0.728108 0.406569 1008 
-0.748742 0.456535 1008 
-0.786196 0.332633 1008 
-0.258578 0.794759 1008 
-0.807409 -0.136212 1008 
-0.807409 -0.136212 1008 
-0.863922 -0.210495 1008 
-0.863922 -0.210495 1008 
-0.884235 -0.182435 1008 
-0.884235 -0.182435 1008 
-0.779796 -0.280672 1008 
-0.779796 -0.280672 1008 
-0.804647 0.294082 1008 
-0.540608 0.693687 1008 
-0.791127 -0.254942 1008 
-0.791127 -0.254942 1008 
-0.042146 0.772770 1008 
-0.600655 0.652887 1008 
-0.710340 0.623765 1008 
-0.138007 0.981710 1008 
-0.138007 0.981710 1008 
-0.846883 0.308571 1008 
-0.111132 0.826689 1008 
-0.805411 0.324633 1008 
0.070623 0.821625 1008 
-0.793715 0.249738 1008 
-0.939427 -0.031890 1008 
-0.703825 0.632480 1008 
-0.920108 -0.245155 1008 
-0.920108 -0.245155 1008 
-0.271405 0.859908 1008 
-0.271405 0.859908 1008 
-0.598089 0.673806 1008 
-0.570759 0.639904 1008 
-0.870068 0.347508 1008 
-0.500690 0.637967 1008 
-0.949973 -0.038143 1008 
-0.122606 0.896895 1008 
-0.122606 0.896895 1008 
-0.559050 0.694069 1008 
-0.282582 0.943409 1008 
-0.282582 0.943409 1008 
-0.230703 0.787571 1008 
-0.838910 -0.309614 1008 
-0.838910 -0.309614 1008 
-0.763279 0.570495 1008 
-0.860450 0.234001 1008 
-0.144056 0.817904 1008 
0.185630 0.847044 1008 
-0.213085 0.907945 1008 
-0.213085 0.907945 1008 
-0.728673 0.598177 1008 
-0.868237 0.148203 1008 
0.087464 0.968890 1008 
-0.852755 -0.110157 1008 
-0.852755 -0.110157 1008 
-0.687154 0.637051 1008 
-0.829594 -0.365170 1008 
-0.829594 -0.365170 1008 
-0.156758 0.901046 1008 
-0.156758 0.901046 1008 
-0.159706 0.899611 1008 
-0.159706 0.899611 1008 
-0.458279 0.852652 1008 
-0.840929 -0.201622 1008 
-0.840929 -0.201622 1008 
-0.220080 0.864940 1008 
-0.220080 0.864940 1008 
-0.391564 0.832253 1008 
-0.155928 0.809317 1008 
-0.610365 0.636425 1008 
-0.507129 0.644973 1008 
-0.829003 -0.296938 1008 
-0.829003 -0.296938 1008 
-0.543960 0.752815 1008 
-0.926987 0.073245 1008 
-0.002721 0.811380 1008 
-0.694732 -0.368124 1008 
-0.694732 -0.368124 1008 
-0.720351 0.599516 1008 
-0.903247 0.225716 1008 
-0.828104 0.327247 1008 
-0.162446 0.853419 1008 
-0.162446 0.853419 1008 
-0.549492 0.533799 1008 
-0.067482 0.878328 1008 
0.107910 0.909475 1008 
0.146997 0.970627 1008 
-0.792692 0.311941 1008 
-0.468414 0.812632 1008 
-0.947599 -0.138389 1008 
-0.947599 -0.138389 1008 
-0.565692 0.768695 1008 
0.060227 0.893307 1008 
-0.872415 -0.337623 1008 
-0.872415 -0.337623 1008 
-0.210445 0.858125 1008 
-0.210445 0.858125 1008 
-0.377458 0.821665 1008 
-0.655632 0.564239 1008 
-0.827596 0.418993 1008 
-0.610281 0.622607 1008 
-0.901543 0.171644 1008 
0.113941 0.859214 1008 
-0.848863 0.273579 1008 
-0.535432 0.744157 1008 
-0.114216 0.863218 1008 
-0.114216 0.863218 1008 
-0.899667 0.029749 1008 
-0.825845 -0.183510 1008 
-0.825845 -0.183510 1008 
-0.372310 0.782504 1008 
0.173756 0.858251 1008 
-0.851655 0.071821 1008 
-0.915716 0.077533 1008 
-0.624070 0.510365 1008 
-0.007536 0.786532 1008 
-0.353019 0.735597 1008 
-0.842566 0.129512 1008 
-0.845581 0.198092 1008 
-0.642020 0.605578 1008 
-0.027279 0.883297 1008 
-0.868568 -0.109371 1008 
-0.868568 -0.109371 1008 
-0.917847 0.159824 1008 
-0.966751 0.058194 1008 
-0.636145 0.719151 1008 
-0.571063 0.697294 1008 
-0.410306 0.767808 1008 
-0.574301 0.788481 1008 
-0.633081 0.655220 1008 
-0.798269 0.093689 1008 
-0.696317 0.461991 1008 
-0.565155 0.753151 1008 
-0.084711 0.956303 1008 
-0.780150 0.338393 1008 
-0.349609 0.836392 1008 
-0.349609 0.836392 1008 
-0.748083 0.539049 1008 
-0.751160 0.425085 1008 
-0.805685 0.372379 1008 
-0.244399 0.986332 1008 
-0.244399 0.986332 1008 
-0.857054 0.122002 1008 
-0.925966 -0.036926 1008 
-0.015631 0.953892 1008 
-0.938927 -0.154430 1008 
-0.938927 -0.154430 1008 
-0.922133 -0.289673 1008 
-0.922133 -0.289673 1008 
-0.591860 0.557232 1008 
-0.245168 0.783559 1008 
-0.505311 0.831505 1008 
-0.479258 0.622773 1008 
-0.074030 0.764995 1008 
0.068376 0.708305 1008 
-0.942711 0.341813 1008 
-0.455360 0.750809 1008 
0.159610 0.845537 1008 
-0.940054 -0.061178 1008 
-0.050998 0.913732 1008 
-0.856475 0.097048 1008 
-0.558154 0.711936 1008 
-0.031408 0.892211 1008 
-0.559932 0.593175 1008 
-0.870974 -0.190175 1008 
-0.870974 -0.190175 1008 
-0.895155 -0.199194 1008 
-0.895155 -0.199194 1008 
-0.032989 0.861331 1008 
-0.192594 0.954014 1008 
-0.192594 0.954014 1008 
-0.866030 -0.228933 1008 
-0.866030 -0.228933 1008 
-0.661821 0.503331 1008 
-0.885683 0.082743 1008 
-0.899140 0.110460 1008 
-0.204631 0.773031 1008 
-0.640115 0.534670 1008 
-0.916085 0.153371 1008 
-0.156825 0.831055 1008 
-0.156825 0.831055 1008 
-0.722065 0.405845 1008 
-0.925417 -0.185994 1008 
-0.925417 -0.185994 1008 
-0.975681 0.169158 1008 
-0.744442 0.416308 1008 
-0.782144 0.216660 1008 
0.158569 1.002198 1008 
-0.078627 0.861976 1008 
-0.851030 -0.324998 1008 
-0.851030 -0.324998 1008 
-0.663192 0.564301 1008 
-0.568496 0.625769 1008 
-0.449544 0.755418 1008 
-0.249386 0.866786 1008 
-0.249386 0.866786 1008 
-0.838757 -0.196485 1008 
-0.838757 -0.196485 1008 
0.076948 0.878692 1008 
-0.976031 -0.102884 1008 
-0.976031 -0.102884 1008 
-0.061012 0.984563 1008 
-0.886512 0.036650 1008 
0.157584 0.899541 1008 
-0.856942 -0.326031 1008 
-0.856942 -0.326031 1008 
-0.578250 0.636468 1008 
-0.520891 0.847604 1008 
-0.626692 0.571719 1008 
-0.984683 -0.181765 1008 
-0.984683 -0.181765 1008 
-0.838020 0.191348 1008 
-0.852313 0.415426 1008 
-0.783420 0.454126 1008 
-0.787343 0.320698 1008 
-0.749647 0.438979 1008 
-0.002260 0.943831 1008 
0.152413 0.860636 1008 
-0.270341 0.887345 1008 
-0.270341 0.887345 1008 
-0.867738 0.067898 1008 
0.198146 0.922737 1008 
-0.187067 0.831426 1008 
-0.187067 0.831426 1008 
-0.939126 -0.283323 1008 
-0.939126 -0.283323 1008 
-0.174906 0.852672 1008 
-0.174906 0.852672 1008 
-0.780152 -0.184815 1008 
-0.780152 -0.184815 1008 
-0.866403 0.410836 1008 
-0.132119 0.880646 1008 
-0.132119 0.880646 1008 
-0.864210 0.042498 1008 
-0.930194 -0.119120 1008 
-0.930194 -0.119120 1008 
-0.849904 0.441537 1008 
-0.856660 0.313206 1008 
-0.867647 -0.277296 1008 
-0.867647 -0.277296 1008 
-0.264491 0.832717 1008 
-0.264491 0.832717 1008 
-0.795784 0.174667 1008 
-0.513500 0.715918 1008 
