0.946119 -0.008756 11 
0.707767 0.455999 17 
0.175850 0.915387 16 
0.175850 0.915387 16 
0.262293 0.907848 17 
0.927829 0.013467 11 
0.514859 0.629287 17 
0.885663 0.394936 17 
0.845648 0.026925 11 
0.089959 0.855554 16 
0.089959 0.855554 16 
0.021658 0.911409 16 
0.021658 0.911409 16 
0.770498 0.245849 17 
0.099508 0.878488 16 
0.099508 0.878488 16 
0.788958 -0.353443 11 
0.788958 -0.353443 11 
0.615137 0.654386 17 
0.133694 0.924315 16 
0.133694 0.924315 16 
0.071467 0.892664 16 
0.071467 0.892664 16 
0.210248 0.956283 17 
0.239977 0.827197 17 
0.785465 0.448721 17 
-0.300912 0.880659 16 
-0.058856 0.903645 16 
-0.058856 0.903645 16 
0.994642 0.236647 17 
0.277291 0.841354 17 
0.336881 0.792428 17 
0.849537 0.257840 17 
0.738613 -0.356714 11 
0.738613 -0.356714 11 
0.151266 0.905064 16 
0.151266 0.905064 16 
0.927333 0.247627 17 
-0.020160 0.800676 16 
0.851908 -0.356517 11 
-0.068141 0.861557 16 
-0.068141 0.861557 16 
0.287436 0.768543 17 
0.874177 0.327315 17 
0.736779 -0.369890 11 
0.736779 -0.369890 11 
-0.380923 0.755753 16 
0.283486 0.887094 17 
-0.262582 0.746761 16 
-0.243509 0.888247 16 
0.921301 -0.021754 11 
0.893782 -0.096005 11 
0.639660 0.574661 17 
0.291514 0.887395 17 
0.894931 -0.173738 11 
0.566568 0.700340 17 
0.860510 -0.192452 11 
-0.216856 0.863726 16 
-0.246779 0.804559 16 
0.359215 0.880954 17 
-0.211875 0.878457 16 
0.974827 -0.133944 11 
-0.336923 0.801238 16 
-0.052698 0.894932 16 
-0.052698 0.894932 16 
-0.349005 0.799567 16 
0.849157 -0.128436 11 
0.845363 0.234801 17 
0.509736 0.797813 17 
0.148941 0.876707 16 
0.148941 0.876707 16 
0.710054 0.540716 17 
0.944156 -0.140298 11 
-0.113645 0.892693 16 
0.678039 0.524568 17 
-0.335284 0.919410 16 
0.756405 0.393413 17 
0.753290 0.550049 17 
0.430745 0.769313 17 
0.381457 0.843412 17 
0.761939 0.526007 17 
-0.361986 0.822795 16 
0.148516 0.922102 16 
0.148516 0.922102 16 
0.857644 -0.228735 11 
0.308732 0.743362 17 
0.968448 0.113222 11 
-0.258578 0.794759 16 
0.759225 0.425266 17 
0.874009 0.309701 17 
0.425463 0.772158 17 
0.767295 0.575082 17 
0.581952 0.837949 17 
0.581952 0.837949 17 
0.784914 -0.319456 11 
0.784914 -0.319456 11 
-0.042146 0.772770 16 
-0.138007 0.981710 16 
0.833137 -0.355268 11 
0.432428 0.811917 17 
0.702558 0.564305 17 
-0.111132 0.826689 16 
0.836434 0.030873 11 
0.845715 -0.277201 11 
0.070623 0.821625 16 
0.975474 -0.111113 11 
0.524947 0.737744 17 
0.893713 -0.097063 11 
0.727299 0.737739 17 
0.941010 0.118384 11 
-0.271405 0.859908 16 
0.339438 0.822698 17 
0.659531 0.600837 17 
0.834685 0.239864 17 
0.794059 0.529074 17 
-0.122606 0.896895 16 
-0.282582 0.943409 16 
-0.230703 0.787571 16 
0.830160 0.428397 17 
0.867785 0.249109 17 
0.928717 -0.200685 11 
0.819950 -0.369886 11 
0.746941 0.414875 17 
0.840577 0.262664 17 
0.730770 0.346633 17 
-0.144056 0.817904 16 
0.916439 0.040061 11 
0.852570 -0.231608 11 
0.888933 -0.233423 11 
0.185630 0.847044 16 
0.185630 0.847044 16 
-0.213085 0.907945 16 
0.774206 0.382082 17 
0.470200 0.702775 17 
0.087464 0.968890 16 
0.087464 0.968890 16 
0.903213 -0.063942 11 
0.662716 0.654974 17 
0.870192 0.197585 11 
0.816954 0.386700 17 
0.877316 0.086215 11 
-0.156758 0.901046 16 
-0.159706 0.899611 16 
0.262476 0.897513 17 
-0.220080 0.864940 16 
-0.155928 0.809317 16 
0.796800 -0.250404 11 
0.796800 -0.250404 11 
0.510368 0.705922 17 
0.667487 0.591856 17 
0.424392 0.751388 17 
0.853700 -0.352588 11 
0.886273 0.119726 11 
0.842355 -0.198553 11 
-0.002721 0.811380 16 
0.803520 0.278875 17 
0.786238 0.147687 11 
0.417630 0.655854 17 
0.537765 0.706018 17 
0.921172 0.076127 11 
-0.162446 0.853419 16 
-0.067482 0.878328 16 
-0.067482 0.878328 16 
0.930187 0.153895 11 
0.455095 0.885074 17 
0.107910 0.909475 16 
0.107910 0.909475 16 
0.413836 0.833121 17 
0.146997 0.970627 16 
0.146997 0.970627 16 
0.060227 0.893307 16 
0.060227 0.893307 16 
-0.210445 0.858125 16 
-0.377458 0.821665 16 
0.219140 0.787209 17 
0.813844 0.258193 17 
0.553034 0.716977 17 
0.906232 0.115541 11 
0.881971 -0.144774 11 
0.968725 0.230593 17 
0.750987 -0.244686 11 
0.750987 -0.244686 11 
0.113941 0.859214 16 
0.113941 0.859214 16 
0.782861 0.523226 17 
0.698523 0.535999 17 
0.883207 -0.165224 11 
0.906530 0.008107 11 
-0.114216 0.863218 16 
0.930024 0.326204 17 
0.829308 -0.176893 11 
0.603550 0.687398 17 
-0.372310 0.782504 16 
0.821642 -0.370050 11 
0.173756 0.858251 16 
0.173756 0.858251 16 
0.532500 0.635439 17 
0.903911 0.182822 11 
0.834672 0.160216 11 
0.442685 0.783698 17 
0.947108 0.000327 11 
0.835498 -0.272892 11 
0.651596 0.379916 17 
0.953261 0.067672 11 
0.212825 0.882584 17 
-0.007536 0.786532 16 
-0.353019 0.735597 16 
0.252544 0.885178 17 
0.815276 -0.181334 11 
0.842129 0.106438 11 
0.867311 -0.065613 11 
0.802695 0.501972 17 
0.740738 0.561949 17 
-0.027279 0.883297 16 
-0.027279 0.883297 16 
0.366776 0.908452 17 
0.926836 0.091626 11 
0.904092 -0.145177 11 
0.426882 0.859061 17 
0.820408 0.401132 17 
0.286186 0.793525 17 
0.511926 0.788063 17 
0.866631 -0.194662 11 
0.637379 0.608135 17 
0.766225 0.201554 11 
0.933679 -0.177830 11 
0.707747 0.573332 17 
0.710430 0.572636 17 
0.865021 0.013399 11 
-0.084711 0.956303 16 
-0.084711 0.956303 16 
0.806292 0.433539 17 
-0.349609 0.836392 16 
-0.244399 0.986332 16 
0.677595 0.459024 17 
0.892646 -0.154863 11 
-0.015631 0.953892 16 
-0.015631 0.953892 16 
0.589688 0.593494 17 
0.935963 -0.125570 11 
0.691780 0.656636 17 
0.714181 0.597590 17 
-0.245168 0.783559 16 
0.827019 -0.164036 11 
0.539182 0.646212 17 
0.573906 0.713478 17 
-0.074030 0.764995 16 
0.068376 0.708305 16 
0.847456 -0.232363 11 
0.806825 -0.308553 11 
0.806825 -0.308553 11 
0.159610 0.845537 16 
0.159610 0.845537 16 
-0.050998 0.913732 16 
-0.050998 0.913732 16 
0.519522 0.741792 17 
0.843048 0.172782 11 
0.444975 0.665490 17 
0.759524 0.526051 17 
-0.031408 0.892211 16 
-0.031408 0.892211 16 
0.367061 0.747762 17 
0.854235 0.273012 17 
-0.032989 0.861331 16 
-0.032989 0.861331 16 
0.632610 0.582494 17 
-0.192594 0.954014 16 
0.948546 -0.106757 11 
0.512036 0.642066 17 
-0.204631 0.773031 16 
0.869214 0.460221 17 
0.539839 0.737644 17 
-0.156825 0.831055 16 
0.864533 -0.355087 11 
0.865951 0.119462 11 
0.394868 0.795742 17 
0.885474 0.411886 17 
0.850111 0.413693 17 
0.331369 0.849034 17 
0.823792 0.156486 11 
0.474709 0.859947 17 
0.924294 -0.124143 11 
0.547121 0.787594 17 
0.158569 1.002198 16 
0.158569 1.002198 16 
0.721890 0.374058 17 
-0.078627 0.861976 16 
-0.078627 0.861976 16 
0.743099 0.569224 17 
-0.249386 0.866786 16 
0.780247 0.439772 17 
0.955889 -0.099521 11 
0.076948 0.878692 16 
0.076948 0.878692 16 
0.375666 0.755400 17 
-0.061012 0.984563 16 
-0.061012 0.984563 16 
0.157584 0.899541 16 
0.157584 0.899541 16 
0.607166 0.682656 17 
0.398450 0.779938 17 
0.752753 0.354393 17 
0.857492 0.165273 11 
0.520238 0.818211 17 
0.816715 0.251462 17 
0.877363 -0.154954 11 
0.828771 0.273556 17 
-0.002260 0.943831 16 
-0.002260 0.943831 16 
0.152413 0.860636 16 
0.152413 0.860636 16 
-0.270341 0.887345 16 
0.731002 0.460661 17 
0.198146 0.922737 16 
0.198146 0.922737 16 
0.787127 0.365135 17 
-0.187067 0.831426 16 
0.464657 0.789187 17 
-0.174906 0.852672 16 
0.791269 -0.326649 11 
0.791269 -0.326649 11 
-0.132119 0.880646 16 
0.966093 0.244794 17 
0.233281 0.811951 17 
0.891405 0.193791 11 
0.376365 0.885106 17 
0.903238 -0.349754 11 
0.871941 0.019762 11 
0.742625 0.393034 17 
0.370309 0.808745 17 
0.211079 0.867365 17 
0.849679 0.353667 17 
0.890857 -0.173218 11 
0.588377 0.742659 17 
0.796852 -0.367268 11 
0.796852 -0.367268 11 
0.903667 0.012108 11 
-0.264491 0.832717 16 
0.759468 0.275154 17 
0.579209 0.593630 17 
0.532966 0.609151 17 
0.863410 0.076283 11 
0.707066 0.528691 17 
