1.713212 0.260039 18 
0.946119 -0.008756 11 
1.580350 0.716037 18 
1.715402 -0.152163 12 
1.731674 -0.364223 12 
0.707767 0.455999 17 
0.927829 0.013467 11 
0.514859 0.629287 17 
0.885663 0.394936 17 
0.845648 0.026925 11 
1.532837 0.971966 18 
1.532837 0.971966 18 
1.689356 0.202293 12 
0.770498 0.245849 17 
0.788958 -0.353443 11 
0.615137 0.654386 17 
1.753792 0.325833 18 
1.748547 0.486083 18 
1.746841 0.118335 12 
1.638488 0.716681 18 
1.271121 1.113875 18 
1.659057 0.454794 18 
0.785465 0.448721 17 
1.560285 0.767929 18 
0.994642 0.236647 17 
0.849537 0.257840 17 
0.738613 -0.356714 11 
1.760324 0.094298 12 
1.755366 0.400114 18 
0.927333 0.247627 17 
0.851908 -0.356517 11 
0.851908 -0.356517 11 
1.754704 0.373231 18 
0.874177 0.327315 17 
0.736779 -0.369890 11 
1.866988 -0.003177 12 
1.393759 1.049946 18 
1.723592 0.323634 18 
0.921301 -0.021754 11 
1.853921 0.055440 12 
0.893782 -0.096005 11 
0.893782 -0.096005 11 
0.639660 0.574661 17 
0.894931 -0.173738 11 
0.894931 -0.173738 11 
1.671889 -0.354064 12 
1.671889 -0.354064 12 
0.566568 0.700340 17 
0.860510 -0.192452 11 
0.860510 -0.192452 11 
1.660271 0.664082 18 
1.507169 0.759125 18 
0.974827 -0.133944 11 
0.974827 -0.133944 11 
1.789946 -0.113173 12 
1.626194 0.704200 18 
0.849157 -0.128436 11 
0.849157 -0.128436 11 
1.731603 0.604811 18 
0.845363 0.234801 17 
0.509736 0.797813 17 
1.648224 0.888666 18 
1.648224 0.888666 18 
0.710054 0.540716 17 
0.944156 -0.140298 11 
0.944156 -0.140298 11 
1.610966 0.851072 18 
1.610966 0.851072 18 
0.678039 0.524568 17 
1.622685 0.469648 18 
0.756405 0.393413 17 
0.753290 0.550049 17 
1.519583 0.736870 18 
1.637764 0.646730 18 
1.420187 1.072277 18 
1.420187 1.072277 18 
1.800206 -0.101911 12 
1.759853 0.143975 12 
0.761939 0.526007 17 
1.836978 -0.046927 12 
0.857644 -0.228735 11 
0.857644 -0.228735 11 
0.968448 0.113222 11 
0.759225 0.425266 17 
0.874009 0.309701 17 
0.767295 0.575082 17 
0.581952 0.837949 17 
0.784914 -0.319456 11 
0.833137 -0.355268 11 
0.833137 -0.355268 11 
1.578198 0.763352 18 
0.702558 0.564305 17 
0.836434 0.030873 11 
1.635740 0.643477 18 
0.845715 -0.277201 11 
0.845715 -0.277201 11 
0.975474 -0.111113 11 
0.975474 -0.111113 11 
0.524947 0.737744 17 
0.893713 -0.097063 11 
0.893713 -0.097063 11 
0.727299 0.737739 17 
0.941010 0.118384 11 
1.544027 0.988666 18 
1.544027 0.988666 18 
1.722616 0.145729 12 
1.523835 0.818651 18 
0.659531 0.600837 17 
0.834685 0.239864 17 
1.820993 0.225003 12 
0.794059 0.529074 17 
1.509917 0.867515 18 
1.509917 0.867515 18 
1.810166 0.185827 12 
1.562089 0.736739 18 
0.830160 0.428397 17 
0.867785 0.249109 17 
0.928717 -0.200685 11 
0.928717 -0.200685 11 
1.716991 -0.202769 12 
0.819950 -0.369886 11 
0.819950 -0.369886 11 
0.746941 0.414875 17 
1.775385 -0.197934 12 
1.410037 1.105628 18 
1.410037 1.105628 18 
0.840577 0.262664 17 
0.730770 0.346633 17 
0.916439 0.040061 11 
0.852570 -0.231608 11 
0.852570 -0.231608 11 
0.888933 -0.233423 11 
0.888933 -0.233423 11 
0.774206 0.382082 17 
0.903213 -0.063942 11 
1.563639 0.905880 18 
1.563639 0.905880 18 
0.662716 0.654974 17 
0.870192 0.197585 11 
0.816954 0.386700 17 
0.877316 0.086215 11 
1.803651 -0.045699 12 
1.722445 0.536090 18 
1.720626 0.254756 18 
0.796800 -0.250404 11 
0.510368 0.705922 17 
0.667487 0.591856 17 
0.853700 -0.352588 11 
0.853700 -0.352588 11 
1.752934 -0.271040 12 
0.886273 0.119726 11 
0.842355 -0.198553 11 
0.842355 -0.198553 11 
1.339276 1.061443 18 
0.803520 0.278875 17 
0.786238 0.147687 11 
1.806062 -0.108521 12 
0.537765 0.706018 17 
0.921172 0.076127 11 
0.930187 0.153895 11 
1.761451 0.546762 18 
1.490278 0.907318 18 
1.490278 0.907318 18 
0.813844 0.258193 17 
0.553034 0.716977 17 
1.769747 0.036031 12 
0.906232 0.115541 11 
1.675919 0.612379 18 
0.881971 -0.144774 11 
0.881971 -0.144774 11 
0.968725 0.230593 17 
0.750987 -0.244686 11 
1.763887 0.297880 18 
1.761681 0.774577 18 
1.785759 -0.238343 12 
0.782861 0.523226 17 
0.698523 0.535999 17 
0.883207 -0.165224 11 
0.883207 -0.165224 11 
0.906530 0.008107 11 
0.930024 0.326204 17 
0.829308 -0.176893 11 
0.829308 -0.176893 11 
1.832901 0.316523 18 
1.439961 0.957945 18 
1.439961 0.957945 18 
0.603550 0.687398 17 
1.821122 -0.067329 12 
0.821642 -0.370050 11 
0.821642 -0.370050 11 
1.728169 0.603559 18 
1.334328 1.106413 18 
0.532500 0.635439 17 
1.454055 0.994301 18 
1.454055 0.994301 18 
1.490865 1.091971 18 
1.490865 1.091971 18 
1.604050 0.676637 18 
0.903911 0.182822 11 
0.834672 0.160216 11 
0.947108 0.000327 11 
0.835498 -0.272892 11 
0.835498 -0.272892 11 
0.651596 0.379916 17 
1.662376 0.714877 18 
1.799864 -0.109926 12 
0.953261 0.067672 11 
1.852951 0.293021 18 
0.815276 -0.181334 11 
0.815276 -0.181334 11 
0.842129 0.106438 11 
0.867311 -0.065613 11 
0.802695 0.501972 17 
0.740738 0.561949 17 
1.367511 1.118388 18 
1.717886 0.336094 18 
0.926836 0.091626 11 
1.661197 0.550432 18 
0.904092 -0.145177 11 
0.904092 -0.145177 11 
0.820408 0.401132 17 
0.511926 0.788063 17 
0.866631 -0.194662 11 
0.866631 -0.194662 11 
0.637379 0.608135 17 
0.766225 0.201554 11 
0.933679 -0.177830 11 
0.933679 -0.177830 11 
1.788551 -0.148454 12 
0.707747 0.573332 17 
0.710430 0.572636 17 
0.865021 0.013399 11 
0.806292 0.433539 17 
0.677595 0.459024 17 
0.892646 -0.154863 11 
0.892646 -0.154863 11 
1.774520 -0.366101 12 
1.723427 -0.205990 12 
1.780910 0.003194 12 
0.589688 0.593494 17 
0.935963 -0.125570 11 
0.935963 -0.125570 11 
1.730389 -0.213808 12 
1.750855 0.442463 18 
0.691780 0.656636 17 
1.771893 0.089307 12 
0.714181 0.597590 17 
1.445609 0.917908 18 
1.445609 0.917908 18 
0.827019 -0.164036 11 
0.827019 -0.164036 11 
0.539182 0.646212 17 
1.771271 0.122848 12 
0.573906 0.713478 17 
0.847456 -0.232363 11 
0.847456 -0.232363 11 
0.806825 -0.308553 11 
1.602154 0.825256 18 
0.519522 0.741792 17 
0.843048 0.172782 11 
0.759524 0.526051 17 
0.854235 0.273012 17 
1.781965 -0.298006 12 
0.632610 0.582494 17 
0.948546 -0.106757 11 
0.948546 -0.106757 11 
0.512036 0.642066 17 
0.869214 0.460221 17 
1.743656 0.591019 18 
0.539839 0.737644 17 
0.864533 -0.355087 11 
0.864533 -0.355087 11 
0.865951 0.119462 11 
1.458266 0.994781 18 
1.458266 0.994781 18 
0.885474 0.411886 17 
0.850111 0.413693 17 
1.719848 0.523121 18 
0.823792 0.156486 11 
1.834692 0.483026 18 
0.924294 -0.124143 11 
0.924294 -0.124143 11 
0.547121 0.787594 17 
1.701642 -0.335760 12 
1.701642 -0.335760 12 
1.474803 1.014074 18 
1.474803 1.014074 18 
0.721890 0.374058 17 
0.743099 0.569224 17 
1.593164 1.004058 18 
1.593164 1.004058 18 
1.727775 0.348289 18 
0.780247 0.439772 17 
1.773589 -0.217692 12 
1.678804 0.657774 18 
0.955889 -0.099521 11 
0.955889 -0.099521 11 
1.796367 0.337663 18 
0.607166 0.682656 17 
1.740162 -0.039633 12 
0.752753 0.354393 17 
1.739631 0.421833 18 
0.857492 0.165273 11 
1.865721 0.195615 12 
0.520238 0.818211 17 
1.132059 1.072346 18 
0.816715 0.251462 17 
0.877363 -0.154954 11 
0.877363 -0.154954 11 
0.828771 0.273556 17 
1.743029 -0.096893 12 
1.772581 -0.212914 12 
1.824126 0.316256 18 
0.731002 0.460661 17 
0.787127 0.365135 17 
0.791269 -0.326649 11 
0.966093 0.244794 17 
0.891405 0.193791 11 
1.571126 0.757197 18 
0.903238 -0.349754 11 
0.903238 -0.349754 11 
0.871941 0.019762 11 
0.742625 0.393034 17 
1.672320 0.407402 18 
0.849679 0.353667 17 
0.890857 -0.173218 11 
0.890857 -0.173218 11 
0.588377 0.742659 17 
0.796852 -0.367268 11 
0.903667 0.012108 11 
0.759468 0.275154 17 
1.508880 1.076964 18 
1.508880 1.076964 18 
0.579209 0.593630 17 
0.532966 0.609151 17 
1.331000 1.125290 18 
0.863410 0.076283 11 
0.707066 0.528691 17 
