1.713212 0.260039 2001 
1.580350 0.716037 2001 
1.715402 -0.152163 2001 
1.715402 -0.152163 2001 
1.731674 -0.364223 2001 
1.731674 -0.364223 2001 
1.532837 0.971966 2001 
1.689356 0.202293 2001 
1.753792 0.325833 2001 
1.748547 0.486083 2001 
1.746841 0.118335 2001 
1.638488 0.716681 2001 
1.659057 0.454794 2001 
1.560285 0.767929 2001 
-1.621432 0.745263 2002 
-1.670291 0.670566 2002 
1.760324 0.094298 2001 
1.755366 0.400114 2001 
1.754704 0.373231 2001 
1.866988 -0.003177 2001 
1.723592 0.323634 2001 
1.853921 0.055440 2001 
1.671889 -0.354064 2001 
1.660271 0.664082 2001 
1.507169 0.759125 2001 
1.789946 -0.113173 2001 
1.789946 -0.113173 2001 
1.626194 0.704200 2001 
-1.600867 0.787324 2002 
1.731603 0.604811 2001 
1.648224 0.888666 2001 
-1.603141 0.674417 2002 
1.610966 0.851072 2001 
1.622685 0.469648 2001 
1.519583 0.736870 2001 
1.637764 0.646730 2001 
1.420187 1.072277 2001 
1.800206 -0.101911 2001 
1.800206 -0.101911 2001 
1.759853 0.143975 2001 
1.836978 -0.046927 2001 
1.578198 0.763352 2001 
1.635740 0.643477 2001 
1.544027 0.988666 2001 
1.722616 0.145729 2001 
1.523835 0.818651 2001 
-1.623802 0.675847 2002 
1.820993 0.225003 2001 
1.509917 0.867515 2001 
1.810166 0.185827 2001 
1.562089 0.736739 2001 
1.716991 -0.202769 2001 
1.716991 -0.202769 2001 
1.775385 -0.197934 2001 
1.775385 -0.197934 2001 
1.410037 1.105628 2001 
1.563639 0.905880 2001 
1.803651 -0.045699 2001 
-1.613919 0.888422 2002 
1.722445 0.536090 2001 
1.720626 0.254756 2001 
1.752934 -0.271040 2001 
1.752934 -0.271040 2001 
-1.599954 0.847233 2002 
1.806062 -0.108521 2001 
1.806062 -0.108521 2001 
1.761451 0.546762 2001 
1.490278 0.907318 2001 
-1.709496 0.628825 2002 
1.769747 0.036031 2001 
1.675919 0.612379 2001 
1.763887 0.297880 2001 
1.761681 0.774577 2001 
1.785759 -0.238343 2001 
1.785759 -0.238343 2001 
1.832901 0.316523 2001 
1.439961 0.957945 2001 
1.821122 -0.067329 2001 
1.728169 0.603559 2001 
1.454055 0.994301 2001 
1.490865 1.091971 2001 
1.604050 0.676637 2001 
-1.715178 0.681143 2002 
1.662376 0.714877 2001 
1.799864 -0.109926 2001 
1.799864 -0.109926 2001 
-1.619459 0.723997 2002 
1.852951 0.293021 2001 
1.717886 0.336094 2001 
1.661197 0.550432 2001 
-1.614371 0.858470 2002 
1.788551 -0.148454 2001 
1.788551 -0.148454 2001 
1.774520 -0.366101 2001 
1.774520 -0.366101 2001 
1.723427 -0.205990 2001 
1.723427 -0.205990 2001 
1.780910 0.003194 2001 
-1.714237 0.724685 2002 
1.730389 -0.213808 2001 
1.730389 -0.213808 2001 
1.750855 0.442463 2001 
1.771893 0.089307 2001 
1.445609 0.917908 2001 
1.771271 0.122848 2001 
-1.731803 0.568823 2002 
1.602154 0.825256 2001 
1.781965 -0.298006 2001 
1.781965 -0.298006 2001 
-1.713710 0.618846 2002 
1.743656 0.591019 2001 
1.458266 0.994781 2001 
1.719848 0.523121 2001 
1.834692 0.483026 2001 
-1.625432 0.566037 2002 
1.701642 -0.335760 2001 
1.474803 1.014074 2001 
1.593164 1.004058 2001 
1.727775 0.348289 2001 
1.773589 -0.217692 2001 
1.773589 -0.217692 2001 
1.678804 0.657774 2001 
1.796367 0.337663 2001 
1.740162 -0.039633 2001 
-1.667928 0.742834 2002 
1.739631 0.421833 2001 
1.865721 0.195615 2001 
1.743029 -0.096893 2001 
1.743029 -0.096893 2001 
1.772581 -0.212914 2001 
1.772581 -0.212914 2001 
1.824126 0.316256 2001 
-1.679344 0.668625 2002 
1.571126 0.757197 2001 
-1.746353 0.651977 2002 
1.672320 0.407402 2001 
1.508880 1.076964 2001 
