-1.065158 1.394861 19 
-1.540102 0.884899 14 
-1.523841 0.747594 14 
-1.107793 1.384524 19 
-0.833457 1.477750 19 
-1.200277 1.158497 19 
-1.550998 1.005934 14 
-1.392692 1.118945 14 
-1.621432 0.745263 13 
-1.621432 0.745263 13 
-1.670291 0.670566 13 
-1.670291 0.670566 13 
-1.493155 1.134499 19 
-1.556970 0.710857 14 
-1.476429 1.034943 14 
-1.580058 0.879719 14 
-1.032868 1.441157 19 
-1.519916 1.067420 14 
-1.226944 1.253255 19 
-1.535094 0.978344 14 
-1.484586 1.075913 14 
-1.600867 0.787324 13 
-1.600867 0.787324 13 
-1.603141 0.674417 13 
-1.603141 0.674417 13 
-1.165388 1.424351 19 
-0.710945 0.546493 15 
-0.806588 1.538294 19 
-1.521336 0.788062 14 
-0.949005 1.457120 19 
-0.875772 1.542282 19 
-0.938923 1.595296 19 
-0.710340 0.623765 15 
-0.733327 1.626405 19 
-0.742282 1.443678 19 
-1.367327 1.094493 14 
-1.182447 1.284898 19 
-1.174634 1.366877 19 
-1.273534 1.265823 19 
-0.703825 0.632480 15 
-1.171832 1.369098 19 
-1.536147 0.765270 14 
-1.623802 0.675847 13 
-1.623802 0.675847 13 
-0.893061 1.486043 19 
-1.584794 0.829294 14 
-1.103221 1.441985 19 
-0.763279 0.570495 15 
-1.215672 1.445124 19 
-1.134803 1.435072 19 
-1.366400 1.162252 19 
-1.097562 1.445698 19 
-0.813607 1.691332 19 
-0.728673 0.598177 15 
-1.184894 1.328672 19 
-1.613919 0.888422 13 
-0.957561 1.575773 19 
-1.024635 1.435042 19 
-1.599954 0.847233 13 
-0.720351 0.599516 15 
-0.714976 1.640380 19 
-1.709496 0.628825 13 
-1.709496 0.628825 13 
-1.016629 1.488297 19 
-1.029681 1.546463 19 
-0.733028 1.603125 19 
-1.448249 1.093099 14 
-1.333213 1.244516 19 
-1.488341 1.042848 14 
-1.361744 1.154337 19 
-0.955851 1.423439 19 
-1.457512 1.046473 14 
-1.250874 1.247248 19 
-1.364314 1.089909 14 
-1.715178 0.681143 13 
-1.715178 0.681143 13 
-1.309418 1.239128 19 
-1.619459 0.723997 13 
-1.619459 0.723997 13 
-1.587512 0.933215 14 
-0.938096 1.484809 19 
-0.807845 1.543103 19 
-0.788456 1.602423 19 
-1.614371 0.858470 13 
-0.748083 0.539049 15 
-1.162005 1.219785 19 
-1.714237 0.724685 13 
-1.714237 0.724685 13 
-0.869293 1.693319 19 
-0.889034 1.556478 19 
-1.345955 1.119777 14 
-0.789072 1.592344 19 
-1.559694 1.028394 14 
-1.208733 1.291422 19 
-1.731803 0.568823 13 
-1.731803 0.568823 13 
-1.360753 1.146715 19 
-1.713710 0.618846 13 
-1.713710 0.618846 13 
-1.392817 1.187006 19 
-0.704065 1.697536 19 
-1.625432 0.566037 13 
-1.625432 0.566037 13 
-1.422438 1.141202 19 
-1.101918 1.282117 19 
-1.347488 1.237563 19 
-1.667928 0.742834 13 
-1.667928 0.742834 13 
-1.411844 1.141161 19 
-1.361031 1.218105 19 
-1.173767 1.293404 19 
-1.567180 0.973607 14 
-1.017937 1.483975 19 
-1.679344 0.668625 13 
-1.679344 0.668625 13 
-1.350307 1.153221 19 
-0.945074 1.488976 19 
-1.746353 0.651977 13 
-1.746353 0.651977 13 
-1.184722 1.393658 19 
-0.837046 1.460154 19 
-1.567510 0.874429 14 
-1.217859 1.374745 19 
