-1.065158 1.394861 2005 
-0.109423 1.727487 2005 
-0.109423 1.727487 2005 
-0.424507 0.721157 2006 
0.109733 1.777100 2005 
0.175850 0.915387 2006 
-1.107793 1.384524 2005 
-0.565451 1.725156 2005 
0.089959 0.855554 2006 
0.021658 0.911409 2006 
0.099508 0.878488 2006 
-0.278122 1.812379 2005 
-0.278122 1.812379 2005 
-0.833457 1.477750 2005 
-1.200277 1.158497 2005 
-0.611568 1.664638 2005 
0.133694 0.924315 2006 
0.071467 0.892664 2006 
-0.038379 1.829364 2005 
-0.300912 0.880659 2006 
-0.058856 0.903645 2006 
-0.256652 1.777601 2005 
-0.256652 1.777601 2005 
-0.151955 1.753937 2005 
-0.151955 1.753937 2005 
0.151266 0.905064 2006 
-0.020160 0.800676 2006 
-0.068141 0.861557 2006 
-0.430876 1.762135 2005 
-0.118144 1.806838 2005 
-0.118144 1.806838 2005 
-0.380923 0.755753 2006 
-0.380923 0.755753 2006 
-0.562434 1.600359 2005 
-0.633172 1.662680 2005 
-1.032868 1.441157 2005 
-0.262582 0.746761 2006 
-0.262582 0.746761 2006 
0.147820 1.756245 2005 
-0.243509 0.888247 2006 
-0.495287 1.809300 2005 
-0.216856 0.863726 2006 
-0.393664 0.751207 2006 
-0.609209 0.565434 2006 
-1.226944 1.253255 2005 
-0.555038 1.586622 2005 
-0.246779 0.804559 2006 
-0.246779 0.804559 2006 
-0.485091 0.825347 2006 
-0.406960 1.670025 2005 
-0.211875 0.878457 2006 
-0.512084 0.727590 2006 
0.053420 1.738647 2005 
-0.336923 0.801238 2006 
-0.336923 0.801238 2006 
-0.624521 0.603887 2006 
-0.404277 0.743502 2006 
-0.446285 1.778666 2005 
-0.052698 0.894932 2006 
-0.349005 0.799567 2006 
-0.349005 0.799567 2006 
0.148941 0.876707 2006 
-0.677334 1.639426 2005 
-0.113645 0.892693 2006 
-1.165388 1.424351 2005 
-0.335284 0.919410 2006 
-0.143720 1.901983 2005 
-0.143720 1.901983 2005 
-0.683434 0.612443 2006 
-0.710945 0.546493 2006 
-0.710945 0.546493 2006 
-0.569554 0.644586 2006 
-0.806588 1.538294 2005 
0.022635 1.783399 2005 
-0.361986 0.822795 2006 
-0.361986 0.822795 2006 
0.148516 0.922102 2006 
-0.258578 0.794759 2006 
-0.258578 0.794759 2006 
-0.949005 1.457120 2005 
-0.875772 1.542282 2005 
-0.938923 1.595296 2005 
-0.540608 0.693687 2006 
-0.042146 0.772770 2006 
-0.600655 0.652887 2006 
-0.710340 0.623765 2006 
-0.710340 0.623765 2006 
-0.138007 0.981710 2006 
-0.059664 1.750553 2005 
-0.733327 1.626405 2005 
-0.111132 0.826689 2006 
-0.111132 0.826689 2006 
-0.742282 1.443678 2005 
-1.182447 1.284898 2005 
0.070623 0.821625 2006 
-1.174634 1.366877 2005 
-1.273534 1.265823 2005 
-0.703825 0.632480 2006 
-0.703825 0.632480 2006 
-1.171832 1.369098 2005 
-0.096594 1.775574 2005 
-0.096594 1.775574 2005 
-0.271405 0.859908 2006 
-0.598089 0.673806 2006 
-0.225444 1.794975 2005 
-0.225444 1.794975 2005 
-0.570759 0.639904 2006 
-0.500690 0.637967 2006 
-0.122606 0.896895 2006 
-0.559050 0.694069 2006 
0.007695 1.913947 2005 
-0.893061 1.486043 2005 
-0.282582 0.943409 2006 
-0.230703 0.787571 2006 
-0.230703 0.787571 2006 
-1.103221 1.441985 2005 
-0.763279 0.570495 2006 
-0.763279 0.570495 2006 
-0.094436 1.793219 2005 
-0.094436 1.793219 2005 
0.115331 1.810857 2005 
-1.215672 1.445124 2005 
-1.134803 1.435072 2005 
-0.144056 0.817904 2006 
-0.144056 0.817904 2006 
-1.097562 1.445698 2005 
0.185630 0.847044 2006 
-0.813607 1.691332 2005 
-0.213085 0.907945 2006 
-0.728673 0.598177 2006 
-0.728673 0.598177 2006 
0.087464 0.968890 2006 
-0.267962 1.833341 2005 
-0.267962 1.833341 2005 
-1.184894 1.328672 2005 
-0.687154 0.637051 2006 
0.043204 1.841059 2005 
-0.395851 1.808449 2005 
-0.156758 0.901046 2006 
-0.159706 0.899611 2006 
-0.458279 0.852652 2006 
-0.957561 1.575773 2005 
-0.648348 1.576747 2005 
-0.220080 0.864940 2006 
-0.391564 0.832253 2006 
-0.155928 0.809317 2006 
-0.155928 0.809317 2006 
-1.024635 1.435042 2005 
-0.610365 0.636425 2006 
-0.507129 0.644973 2006 
-0.543960 0.752815 2006 
-0.002721 0.811380 2006 
-0.560270 1.597530 2005 
-0.260207 1.717464 2005 
-0.084043 1.829190 2005 
-0.720351 0.599516 2006 
-0.720351 0.599516 2006 
-0.162446 0.853419 2006 
-0.549492 0.533799 2006 
-0.067482 0.878328 2006 
0.107910 0.909475 2006 
0.146997 0.970627 2006 
-0.714976 1.640380 2005 
-0.468414 0.812632 2006 
-0.648505 1.674785 2005 
-0.565692 0.768695 2006 
0.060227 0.893307 2006 
0.024089 1.738680 2005 
-0.620660 1.648004 2005 
0.040633 1.693522 2005 
-0.210445 0.858125 2006 
-0.377458 0.821665 2006 
-0.377458 0.821665 2006 
-0.655632 0.564239 2006 
-1.016629 1.488297 2005 
-1.029681 1.546463 2005 
-0.610281 0.622607 2006 
0.113941 0.859214 2006 
-0.733028 1.603125 2005 
-0.535432 0.744157 2006 
0.147718 1.826796 2005 
-0.114216 0.863218 2006 
-0.313038 1.683951 2005 
-0.376789 1.735714 2005 
-0.376789 1.735714 2005 
-0.578731 1.718170 2005 
-0.955851 1.423439 2005 
-0.372310 0.782504 2006 
-0.372310 0.782504 2006 
0.173756 0.858251 2006 
-0.329311 1.775705 2005 
-0.329311 1.775705 2005 
-1.250874 1.247248 2005 
0.152501 1.803134 2005 
-0.007536 0.786532 2006 
0.101084 1.820294 2005 
-0.353019 0.735597 2006 
-0.353019 0.735597 2006 
-0.642020 0.605578 2006 
-0.027279 0.883297 2006 
-0.515443 1.778419 2005 
-0.938096 1.484809 2005 
-0.807845 1.543103 2005 
-0.636145 0.719151 2006 
-0.571063 0.697294 2006 
-0.410306 0.767808 2006 
-0.574301 0.788481 2006 
-0.633081 0.655220 2006 
-0.788456 1.602423 2005 
-0.565155 0.753151 2006 
-0.084711 0.956303 2006 
-0.349609 0.836392 2006 
-0.748083 0.539049 2006 
-0.748083 0.539049 2006 
-0.244399 0.986332 2006 
0.174193 1.780698 2005 
-1.162005 1.219785 2005 
-0.015631 0.953892 2006 
-0.356475 1.672816 2005 
-0.869293 1.693319 2005 
-0.889034 1.556478 2005 
-0.591860 0.557232 2006 
-0.583934 1.671850 2005 
-0.245168 0.783559 2006 
-0.245168 0.783559 2006 
-0.789072 1.592344 2005 
-0.505311 0.831505 2006 
-0.479258 0.622773 2006 
-0.074030 0.764995 2006 
0.068376 0.708305 2006 
-1.208733 1.291422 2005 
-0.455360 0.750809 2006 
0.159610 0.845537 2006 
-0.050998 0.913732 2006 
-0.558154 0.711936 2006 
-0.031408 0.892211 2006 
-0.559932 0.593175 2006 
-0.032989 0.861331 2006 
-0.192594 0.954014 2006 
-0.204631 0.773031 2006 
-0.204631 0.773031 2006 
-0.640115 0.534670 2006 
-0.156825 0.831055 2006 
-0.566373 1.737145 2005 
-0.022754 1.743626 2005 
-0.189798 1.745158 2005 
-0.189798 1.745158 2005 
-0.704065 1.697536 2005 
-0.136123 1.767096 2005 
-0.136123 1.767096 2005 
0.158569 1.002198 2006 
-0.078627 0.861976 2006 
-0.307790 1.736217 2005 
-0.307790 1.736217 2005 
-0.663192 0.564301 2006 
-0.568496 0.625769 2006 
-0.643259 1.714337 2005 
-0.449544 0.755418 2006 
-0.249386 0.866786 2006 
-0.464576 1.758257 2005 
-0.349637 1.769703 2005 
-0.349637 1.769703 2005 
-1.101918 1.282117 2005 
0.076948 0.878692 2006 
-0.061012 0.984563 2006 
0.157584 0.899541 2006 
-0.578250 0.636468 2006 
-0.520891 0.847604 2006 
0.071705 1.881139 2005 
-0.626692 0.571719 2006 
-1.173767 1.293404 2005 
-0.348315 1.769304 2005 
-0.348315 1.769304 2005 
-0.002260 0.943831 2006 
-0.128485 1.716123 2005 
0.152413 0.860636 2006 
-0.270341 0.887345 2006 
-1.017937 1.483975 2005 
0.198146 0.922737 2006 
-0.187067 0.831426 2006 
-0.174906 0.852672 2006 
-0.132119 0.880646 2006 
-0.203566 1.767411 2005 
-0.203566 1.767411 2005 
-0.945074 1.488976 2005 
-1.184722 1.393658 2005 
-0.837046 1.460154 2005 
-0.264491 0.832717 2006 
0.129391 1.854356 2005 
-1.217859 1.374745 2005 
-0.513500 0.715918 2006 
