0.245462 1.755064 21 
-0.109423 1.727487 20 
0.109733 1.777100 20 
0.109733 1.777100 20 
0.175850 0.915387 16 
0.262293 0.907848 17 
0.514859 0.629287 17 
0.514859 0.629287 17 
0.089959 0.855554 16 
0.021658 0.911409 16 
0.721284 1.597740 21 
0.099508 0.878488 16 
-0.278122 1.812379 20 
0.527335 1.680326 21 
0.615137 0.654386 17 
0.615137 0.654386 17 
0.133694 0.924315 16 
0.964948 1.548297 21 
0.071467 0.892664 16 
0.210248 0.956283 17 
-0.038379 1.829364 20 
-0.038379 1.829364 20 
0.239977 0.827197 17 
-0.300912 0.880659 16 
-0.058856 0.903645 16 
0.277291 0.841354 17 
-0.256652 1.777601 20 
0.435727 1.742877 21 
0.336881 0.792428 17 
-0.151955 1.753937 20 
0.151266 0.905064 16 
-0.020160 0.800676 16 
-0.020160 0.800676 16 
-0.068141 0.861557 16 
0.287436 0.768543 17 
-0.118144 1.806838 20 
-0.380923 0.755753 16 
0.520695 1.555920 21 
0.703598 1.721915 21 
0.283486 0.887094 17 
-0.262582 0.746761 16 
0.147820 1.756245 20 
0.147820 1.756245 20 
0.981249 1.461681 21 
-0.243509 0.888247 16 
0.639660 0.574661 17 
0.639660 0.574661 17 
0.291514 0.887395 17 
0.534090 1.732082 21 
0.534090 1.732082 21 
1.044576 1.399727 21 
0.566568 0.700340 17 
0.566568 0.700340 17 
-0.216856 0.863726 16 
-0.246779 0.804559 16 
0.359215 0.880954 17 
-0.211875 0.878457 16 
0.053420 1.738647 20 
0.053420 1.738647 20 
-0.336923 0.801238 16 
-0.052698 0.894932 16 
-0.349005 0.799567 16 
0.657031 1.633406 21 
0.509736 0.797813 17 
0.509736 0.797813 17 
0.148941 0.876707 16 
0.710054 0.540716 17 
0.710054 0.540716 17 
-0.113645 0.892693 16 
-0.335284 0.919410 16 
1.062733 1.510956 21 
0.947356 1.534735 21 
-0.143720 1.901983 20 
0.753290 0.550049 17 
0.753290 0.550049 17 
0.430745 0.769313 17 
0.022635 1.783399 20 
0.022635 1.783399 20 
0.413638 1.708354 21 
0.381457 0.843412 17 
-0.361986 0.822795 16 
0.148516 0.922102 16 
0.308732 0.743362 17 
-0.258578 0.794759 16 
0.425463 0.772158 17 
0.767295 0.575082 17 
0.767295 0.575082 17 
0.581952 0.837949 17 
-0.042146 0.772770 16 
-0.042146 0.772770 16 
-0.138007 0.981710 16 
-0.059664 1.750553 20 
-0.059664 1.750553 20 
0.432428 0.811917 17 
0.702558 0.564305 17 
0.702558 0.564305 17 
-0.111132 0.826689 16 
0.070623 0.821625 16 
0.070623 0.821625 16 
0.524947 0.737744 17 
0.524947 0.737744 17 
0.727299 0.737739 17 
0.727299 0.737739 17 
-0.096594 1.775574 20 
-0.271405 0.859908 16 
0.339438 0.822698 17 
-0.225444 1.794975 20 
0.659531 0.600837 17 
0.659531 0.600837 17 
0.806874 1.524194 21 
0.794059 0.529074 17 
0.794059 0.529074 17 
-0.122606 0.896895 16 
0.321839 1.661878 21 
0.007695 1.913947 20 
0.007695 1.913947 20 
1.095833 1.545366 21 
-0.282582 0.943409 16 
-0.230703 0.787571 16 
-0.094436 1.793219 20 
0.115331 1.810857 20 
0.115331 1.810857 20 
0.813532 1.634153 21 
-0.144056 0.817904 16 
0.185630 0.847044 16 
-0.213085 0.907945 16 
0.470200 0.702775 17 
0.087464 0.968890 16 
-0.267962 1.833341 20 
0.662716 0.654974 17 
0.662716 0.654974 17 
0.043204 1.841059 20 
0.043204 1.841059 20 
-0.156758 0.901046 16 
-0.159706 0.899611 16 
0.262476 0.897513 17 
-0.220080 0.864940 16 
-0.155928 0.809317 16 
0.510368 0.705922 17 
0.510368 0.705922 17 
0.667487 0.591856 17 
0.667487 0.591856 17 
0.424392 0.751388 17 
-0.002721 0.811380 16 
-0.002721 0.811380 16 
-0.260207 1.717464 20 
-0.084043 1.829190 20 
-0.084043 1.829190 20 
0.630071 1.821662 21 
0.630071 1.821662 21 
0.417630 0.655854 17 
0.649552 1.609827 21 
0.537765 0.706018 17 
0.537765 0.706018 17 
0.511001 1.843086 21 
0.511001 1.843086 21 
0.825927 1.624145 21 
0.596485 1.594396 21 
-0.162446 0.853419 16 
-0.067482 0.878328 16 
0.455095 0.885074 17 
0.107910 0.909475 16 
0.616646 1.663806 21 
0.475581 1.707171 21 
0.413836 0.833121 17 
0.146997 0.970627 16 
0.060227 0.893307 16 
0.024089 1.738680 20 
0.024089 1.738680 20 
0.040633 1.693522 20 
-0.210445 0.858125 16 
-0.377458 0.821665 16 
0.219140 0.787209 17 
0.553034 0.716977 17 
0.553034 0.716977 17 
0.957474 1.542216 21 
0.113941 0.859214 16 
0.358578 1.630991 21 
0.698523 0.535999 17 
0.698523 0.535999 17 
0.147718 1.826796 20 
0.147718 1.826796 20 
-0.114216 0.863218 16 
-0.313038 1.683951 20 
-0.376789 1.735714 20 
0.303336 1.715999 21 
0.603550 0.687398 17 
0.603550 0.687398 17 
-0.372310 0.782504 16 
0.173756 0.858251 16 
-0.329311 1.775705 20 
0.532500 0.635439 17 
0.532500 0.635439 17 
0.152501 1.803134 20 
0.152501 1.803134 20 
1.009714 1.419733 21 
0.442685 0.783698 17 
0.440389 1.822220 21 
0.827447 1.576126 21 
0.212825 0.882584 17 
-0.007536 0.786532 16 
-0.007536 0.786532 16 
0.101084 1.820294 20 
0.101084 1.820294 20 
-0.353019 0.735597 16 
0.252544 0.885178 17 
0.248642 1.702861 21 
0.863846 1.628999 21 
0.740738 0.561949 17 
0.740738 0.561949 17 
-0.027279 0.883297 16 
0.366776 0.908452 17 
1.028091 1.541376 21 
1.094471 1.460786 21 
0.426882 0.859061 17 
0.286186 0.793525 17 
0.239402 1.727393 21 
0.511926 0.788063 17 
0.511926 0.788063 17 
0.855361 1.579123 21 
0.447092 1.758386 21 
0.649646 1.720375 21 
0.851613 1.553349 21 
0.637379 0.608135 17 
0.637379 0.608135 17 
0.707747 0.573332 17 
0.707747 0.573332 17 
0.710430 0.572636 17 
0.710430 0.572636 17 
-0.084711 0.956303 16 
1.080600 1.378407 21 
-0.349609 0.836392 16 
-0.244399 0.986332 16 
0.174193 1.780698 20 
0.174193 1.780698 20 
-0.015631 0.953892 16 
1.096464 1.489875 21 
-0.356475 1.672816 20 
0.589688 0.593494 17 
0.589688 0.593494 17 
0.691780 0.656636 17 
0.691780 0.656636 17 
0.805641 1.649116 21 
0.714181 0.597590 17 
0.714181 0.597590 17 
-0.245168 0.783559 16 
1.011849 1.437199 21 
0.900238 1.621289 21 
0.539182 0.646212 17 
0.539182 0.646212 17 
0.781370 1.586888 21 
0.573906 0.713478 17 
0.573906 0.713478 17 
-0.074030 0.764995 16 
-0.074030 0.764995 16 
0.068376 0.708305 16 
0.068376 0.708305 16 
0.555128 1.701689 21 
0.159610 0.845537 16 
-0.050998 0.913732 16 
0.379606 1.689052 21 
0.519522 0.741792 17 
0.519522 0.741792 17 
0.444975 0.665490 17 
-0.031408 0.892211 16 
0.367061 0.747762 17 
-0.032989 0.861331 16 
0.632610 0.582494 17 
0.632610 0.582494 17 
-0.192594 0.954014 16 
0.612241 1.679945 21 
0.433901 1.744249 21 
0.512036 0.642066 17 
0.512036 0.642066 17 
-0.204631 0.773031 16 
0.380964 1.737887 21 
1.029295 1.339719 21 
0.539839 0.737644 17 
0.539839 0.737644 17 
-0.156825 0.831055 16 
0.394868 0.795742 17 
0.624758 1.674004 21 
0.231971 1.852460 21 
0.269325 1.677529 21 
0.833173 1.624952 21 
-0.022754 1.743626 20 
-0.022754 1.743626 20 
0.787023 1.578519 21 
0.331369 0.849034 17 
-0.189798 1.745158 20 
0.474709 0.859947 17 
-0.136123 1.767096 20 
0.547121 0.787594 17 
0.547121 0.787594 17 
0.158569 1.002198 16 
-0.078627 0.861976 16 
0.743099 0.569224 17 
0.743099 0.569224 17 
-0.307790 1.736217 20 
-0.249386 0.866786 16 
1.056268 1.464050 21 
0.293044 1.701443 21 
-0.349637 1.769703 20 
0.849700 1.487444 21 
0.076948 0.878692 16 
0.375666 0.755400 17 
-0.061012 0.984563 16 
0.647195 1.765072 21 
0.647195 1.765072 21 
0.157584 0.899541 16 
0.607166 0.682656 17 
0.607166 0.682656 17 
0.398450 0.779938 17 
0.723309 1.627980 21 
0.071705 1.881139 20 
0.071705 1.881139 20 
0.520238 0.818211 17 
0.520238 0.818211 17 
-0.348315 1.769304 20 
0.859417 1.395488 21 
-0.002260 0.943831 16 
0.839379 1.628955 21 
-0.128485 1.716123 20 
0.152413 0.860636 16 
-0.270341 0.887345 16 
0.238036 1.736373 21 
0.198146 0.922737 16 
-0.187067 0.831426 16 
0.464657 0.789187 17 
-0.174906 0.852672 16 
-0.132119 0.880646 16 
-0.203566 1.767411 20 
0.233281 0.811951 17 
0.376365 0.885106 17 
0.893255 1.575664 21 
0.370309 0.808745 17 
0.537365 1.781426 21 
0.537365 1.781426 21 
0.211079 0.867365 17 
0.588377 0.742659 17 
0.588377 0.742659 17 
-0.264491 0.832717 16 
1.003553 1.480666 21 
0.579209 0.593630 17 
0.579209 0.593630 17 
0.532966 0.609151 17 
0.532966 0.609151 17 
0.129391 1.854356 20 
0.129391 1.854356 20 
0.707066 0.528691 17 
0.707066 0.528691 17 
