1.580350 0.716037 18 
1.580350 0.716037 18 
1.367269 1.130338 22 
0.514859 0.629287 17 
1.532837 0.971966 18 
0.721284 1.597740 21 
0.527335 1.680326 21 
0.615137 0.654386 17 
0.964948 1.548297 21 
1.638488 0.716681 18 
1.638488 0.716681 18 
1.271121 1.113875 18 
1.560285 0.767929 18 
1.560285 0.767929 18 
0.520695 1.555920 21 
1.391721 1.136878 22 
1.215895 1.353003 22 
0.703598 1.721915 21 
1.393759 1.049946 18 
1.216277 1.291485 22 
0.981249 1.461681 21 
0.639660 0.574661 17 
0.534090 1.732082 21 
1.044576 1.399727 21 
0.566568 0.700340 17 
1.660271 0.664082 18 
1.660271 0.664082 18 
1.507169 0.759125 18 
1.507169 0.759125 18 
1.626194 0.704200 18 
1.626194 0.704200 18 
0.657031 1.633406 21 
1.731603 0.604811 18 
0.509736 0.797813 17 
1.648224 0.888666 18 
0.710054 0.540716 17 
1.610966 0.851072 18 
1.062733 1.510956 21 
0.947356 1.534735 21 
0.753290 0.550049 17 
1.519583 0.736870 18 
1.519583 0.736870 18 
1.314554 1.289972 22 
1.637764 0.646730 18 
1.637764 0.646730 18 
1.420187 1.072277 18 
0.767295 0.575082 17 
0.581952 0.837949 17 
1.578198 0.763352 18 
1.578198 0.763352 18 
0.702558 0.564305 17 
1.373623 1.131426 22 
1.635740 0.643477 18 
1.635740 0.643477 18 
0.524947 0.737744 17 
0.727299 0.737739 17 
1.544027 0.988666 18 
1.523835 0.818651 18 
1.523835 0.818651 18 
0.659531 0.600837 17 
0.806874 1.524194 21 
0.794059 0.529074 17 
1.219113 1.326734 22 
1.509917 0.867515 18 
1.095833 1.545366 21 
1.562089 0.736739 18 
1.562089 0.736739 18 
1.243134 1.280215 22 
1.410037 1.105628 18 
0.813532 1.634153 21 
1.317693 1.257048 22 
1.146391 1.442117 22 
1.563639 0.905880 18 
0.662716 0.654974 17 
1.722445 0.536090 18 
1.207115 1.320299 22 
0.510368 0.705922 17 
0.667487 0.591856 17 
1.339276 1.061443 18 
0.630071 1.821662 21 
0.649552 1.609827 21 
0.537765 0.706018 17 
1.374063 1.142034 22 
0.511001 1.843086 21 
0.825927 1.624145 21 
0.596485 1.594396 21 
1.224306 1.355840 22 
1.761451 0.546762 18 
0.616646 1.663806 21 
1.490278 0.907318 18 
0.553034 0.716977 17 
1.675919 0.612379 18 
1.675919 0.612379 18 
0.957474 1.542216 21 
1.209562 1.274950 22 
1.761681 0.774577 18 
0.698523 0.535999 17 
1.439961 0.957945 18 
1.251259 1.251538 22 
0.603550 0.687398 17 
1.728169 0.603559 18 
1.334328 1.106413 18 
0.532500 0.635439 17 
1.454055 0.994301 18 
1.009714 1.419733 21 
1.490865 1.091971 18 
1.604050 0.676637 18 
1.604050 0.676637 18 
1.662376 0.714877 18 
1.662376 0.714877 18 
0.827447 1.576126 21 
0.863846 1.628999 21 
0.740738 0.561949 17 
1.367511 1.118388 18 
1.028091 1.541376 21 
1.661197 0.550432 18 
1.661197 0.550432 18 
1.094471 1.460786 21 
0.511926 0.788063 17 
0.855361 1.579123 21 
0.649646 1.720375 21 
0.851613 1.553349 21 
0.637379 0.608135 17 
1.253511 1.341642 22 
0.707747 0.573332 17 
0.710430 0.572636 17 
1.080600 1.378407 21 
1.096464 1.489875 21 
0.589688 0.593494 17 
0.691780 0.656636 17 
0.805641 1.649116 21 
0.714181 0.597590 17 
1.445609 0.917908 18 
1.011849 1.437199 21 
0.900238 1.621289 21 
0.539182 0.646212 17 
0.781370 1.586888 21 
0.573906 0.713478 17 
0.555128 1.701689 21 
1.602154 0.825256 18 
1.602154 0.825256 18 
0.519522 0.741792 17 
0.632610 0.582494 17 
0.612241 1.679945 21 
0.512036 0.642066 17 
1.029295 1.339719 21 
1.266619 1.293827 22 
1.743656 0.591019 18 
0.539839 0.737644 17 
1.458266 0.994781 18 
0.624758 1.674004 21 
0.833173 1.624952 21 
0.787023 1.578519 21 
0.547121 0.787594 17 
1.474803 1.014074 18 
0.743099 0.569224 17 
1.593164 1.004058 18 
1.056268 1.464050 21 
1.678804 0.657774 18 
1.678804 0.657774 18 
0.849700 1.487444 21 
0.647195 1.765072 21 
0.607166 0.682656 17 
0.723309 1.627980 21 
1.164523 1.337293 22 
0.520238 0.818211 17 
1.132059 1.072346 18 
0.859417 1.395488 21 
1.248857 1.462841 22 
0.839379 1.628955 21 
1.331208 1.166476 22 
1.286916 1.231522 22 
1.571126 0.757197 18 
1.571126 0.757197 18 
0.893255 1.575664 21 
0.537365 1.781426 21 
1.174486 1.336866 22 
0.588377 0.742659 17 
1.003553 1.480666 21 
1.508880 1.076964 18 
0.579209 0.593630 17 
0.532966 0.609151 17 
1.331000 1.125290 18 
0.707066 0.528691 17 
