1.580350 0.716037 18 
1.532837 0.971966 18 
1.638488 0.716681 18 
1.560285 0.767929 18 
1.660271 0.664082 18 
1.507169 0.759125 18 
1.626194 0.704200 18 
1.731603 0.604811 18 
1.731603 0.604811 18 
1.648224 0.888666 18 
1.610966 0.851072 18 
1.519583 0.736870 18 
1.637764 0.646730 18 
1.420187 1.072277 18 
1.578198 0.763352 18 
1.635740 0.643477 18 
1.544027 0.988666 18 
1.523835 0.818651 18 
1.509917 0.867515 18 
1.562089 0.736739 18 
1.410037 1.105628 18 
1.563639 0.905880 18 
1.722445 0.536090 18 
1.722445 0.536090 18 
1.761451 0.546762 18 
1.761451 0.546762 18 
1.490278 0.907318 18 
1.675919 0.612379 18 
1.761681 0.774577 18 
1.761681 0.774577 18 
1.439961 0.957945 18 
1.728169 0.603559 18 
1.728169 0.603559 18 
1.454055 0.994301 18 
1.490865 1.091971 18 
1.604050 0.676637 18 
1.662376 0.714877 18 
1.661197 0.550432 18 
1.445609 0.917908 18 
1.602154 0.825256 18 
1.743656 0.591019 18 
1.743656 0.591019 18 
1.458266 0.994781 18 
1.474803 1.014074 18 
1.593164 1.004058 18 
1.678804 0.657774 18 
1.571126 0.757197 18 
1.508880 1.076964 18 
