0.215595 -1.730806 3 
0.094581 -1.693436 3 
-0.142768 -1.711821 3 
-0.069406 -1.777219 3 
0.375343 -1.758902 3 
0.015443 -1.777850 3 
0.444087 -1.707546 3 
0.711628 -1.563295 3 
0.145636 -1.575054 3 
0.619576 -1.699276 3 
0.477964 -1.701456 3 
0.059913 -1.789022 3 
0.734302 -1.544767 3 
0.316799 -1.663573 3 
-0.052453 -1.805398 3 
0.080455 -1.729241 3 
0.403882 -1.669899 3 
0.393624 -1.752885 3 
0.034794 -1.800808 3 
-0.088193 -1.073444 -1 
-0.032228 -1.778454 3 
0.237236 -1.737102 3 
-0.126269 -1.746536 3 
0.729903 -1.710536 3 
0.500744 -1.725991 3 
-0.014517 -1.827402 3 
0.389502 -1.717504 3 
0.641990 -1.604463 3 
-0.072194 -1.743414 3 
0.615469 -1.851011 3 
0.226754 -1.699186 3 
-0.099371 -1.923584 3 
0.473095 -1.909919 3 
-0.138689 -1.814339 3 
0.700496 -1.602401 3 
0.424886 -1.669138 3 
0.062107 -1.666972 3 
0.360057 -1.793432 3 
0.061028 -1.697311 3 
0.032075 -1.758203 3 
0.416561 -1.692677 3 
0.627908 -1.650595 3 
0.396169 -1.808824 3 
0.362187 -1.674237 3 
0.555803 -1.863563 3 
0.254184 -1.711127 3 
0.638203 -1.696368 3 
-0.096083 -1.931685 3 
0.494335 -1.644906 3 
0.120622 -1.667082 3 
0.573048 -1.735881 3 
0.317941 -1.752324 3 
0.639664 -1.664122 3 
-0.048149 -1.689583 3 
0.337620 -1.665381 3 
0.390930 -1.670115 3 
0.716900 -1.703886 3 
-0.066173 -1.872163 3 
0.519011 -1.661884 3 
-0.127643 -1.041989 -1 
-0.009310 -1.129674 -1 
0.248651 -1.033054 -1 
-0.129933 -1.837683 3 
-0.136380 -1.744181 3 
0.421308 -1.584842 3 
0.554181 -1.670969 3 
0.030292 -1.686947 3 
