-0.833457 1.477750 19 
-1.032868 1.441157 19 
-1.032868 1.441157 19 
-0.806588 1.538294 19 
-0.949005 1.457120 19 
-0.875772 1.542282 19 
-0.938923 1.595296 19 
-0.733327 1.626405 19 
-0.742282 1.443678 19 
-0.893061 1.486043 19 
-1.103221 1.441985 19 
-1.103221 1.441985 19 
-1.215672 1.445124 19 
-1.215672 1.445124 19 
-1.134803 1.435072 19 
-1.134803 1.435072 19 
-1.097562 1.445698 19 
-1.097562 1.445698 19 
-0.813607 1.691332 19 
-0.957561 1.575773 19 
-1.024635 1.435042 19 
-1.024635 1.435042 19 
-0.714976 1.640380 19 
-1.016629 1.488297 19 
-1.016629 1.488297 19 
-1.029681 1.546463 19 
-1.029681 1.546463 19 
-0.733028 1.603125 19 
-0.938096 1.484809 19 
-0.807845 1.543103 19 
-0.788456 1.602423 19 
-0.869293 1.693319 19 
-0.889034 1.556478 19 
-0.789072 1.592344 19 
-0.704065 1.697536 19 
-1.017937 1.483975 19 
-1.017937 1.483975 19 
-0.945074 1.488976 19 
-0.837046 1.460154 19 
