-0.109423 1.727487 3001 
0.109733 1.777100 3001 
-0.565451 1.725156 3001 
-0.278122 1.812379 3001 
-0.833457 1.477750 3001 
-0.833457 1.477750 3001 
-0.611568 1.664638 3001 
-0.038379 1.829364 3001 
-0.256652 1.777601 3001 
-0.151955 1.753937 3001 
-0.430876 1.762135 3001 
-0.118144 1.806838 3001 
-0.562434 1.600359 3001 
-0.633172 1.662680 3001 
-1.032868 1.441157 3001 
0.147820 1.756245 3001 
-0.495287 1.809300 3001 
-0.555038 1.586622 3001 
-0.406960 1.670025 3001 
0.053420 1.738647 3001 
-0.446285 1.778666 3001 
-0.677334 1.639426 3001 
-0.143720 1.901983 3001 
-0.806588 1.538294 3001 
-0.806588 1.538294 3001 
0.022635 1.783399 3001 
-0.949005 1.457120 3001 
-0.949005 1.457120 3001 
-0.875772 1.542282 3001 
-0.875772 1.542282 3001 
-0.938923 1.595296 3001 
-0.938923 1.595296 3001 
-0.059664 1.750553 3001 
-0.733327 1.626405 3001 
-0.733327 1.626405 3001 
-0.742282 1.443678 3001 
-0.742282 1.443678 3001 
-0.096594 1.775574 3001 
-0.225444 1.794975 3001 
0.007695 1.913947 3001 
-0.893061 1.486043 3001 
-0.893061 1.486043 3001 
-1.103221 1.441985 3001 
-0.094436 1.793219 3001 
0.115331 1.810857 3001 
-1.215672 1.445124 3001 
-1.134803 1.435072 3001 
-1.097562 1.445698 3001 
-0.813607 1.691332 3001 
-0.813607 1.691332 3001 
-0.267962 1.833341 3001 
0.043204 1.841059 3001 
-0.395851 1.808449 3001 
-0.957561 1.575773 3001 
-0.957561 1.575773 3001 
-0.648348 1.576747 3001 
-1.024635 1.435042 3001 
-0.560270 1.597530 3001 
-0.260207 1.717464 3001 
-0.260207 1.717464 3001 
-0.084043 1.829190 3001 
-0.714976 1.640380 3001 
-0.714976 1.640380 3001 
-0.648505 1.674785 3001 
0.024089 1.738680 3001 
-0.620660 1.648004 3001 
0.040633 1.693522 3001 
-1.016629 1.488297 3001 
-1.029681 1.546463 3001 
-0.733028 1.603125 3001 
-0.733028 1.603125 3001 
0.147718 1.826796 3001 
-0.313038 1.683951 3001 
-0.313038 1.683951 3001 
-0.376789 1.735714 3001 
-0.578731 1.718170 3001 
-0.329311 1.775705 3001 
0.152501 1.803134 3001 
0.101084 1.820294 3001 
-0.515443 1.778419 3001 
-0.938096 1.484809 3001 
-0.938096 1.484809 3001 
-0.807845 1.543103 3001 
-0.807845 1.543103 3001 
-0.788456 1.602423 3001 
-0.788456 1.602423 3001 
0.174193 1.780698 3001 
-0.356475 1.672816 3001 
-0.356475 1.672816 3001 
-0.869293 1.693319 3001 
-0.869293 1.693319 3001 
-0.889034 1.556478 3001 
-0.889034 1.556478 3001 
-0.583934 1.671850 3001 
-0.789072 1.592344 3001 
-0.789072 1.592344 3001 
-0.566373 1.737145 3001 
-0.022754 1.743626 3001 
-0.189798 1.745158 3001 
-0.704065 1.697536 3001 
-0.704065 1.697536 3001 
-0.136123 1.767096 3001 
-0.307790 1.736217 3001 
-0.643259 1.714337 3001 
-0.464576 1.758257 3001 
-0.349637 1.769703 3001 
0.071705 1.881139 3001 
-0.348315 1.769304 3001 
-0.128485 1.716123 3001 
-0.128485 1.716123 3001 
-1.017937 1.483975 3001 
-0.203566 1.767411 3001 
-0.945074 1.488976 3001 
-0.945074 1.488976 3001 
-0.837046 1.460154 3001 
-0.837046 1.460154 3001 
0.129391 1.854356 3001 
