0.245462 1.755064 3002 
-0.109423 1.727487 3002 
0.109733 1.777100 3002 
0.721284 1.597740 3002 
0.721284 1.597740 3002 
-0.278122 1.812379 3002 
0.527335 1.680326 3002 
0.527335 1.680326 3002 
0.964948 1.548297 3002 
-0.038379 1.829364 3002 
-0.256652 1.777601 3002 
0.435727 1.742877 3002 
-0.151955 1.753937 3002 
-0.118144 1.806838 3002 
0.520695 1.555920 3002 
0.520695 1.555920 3002 
0.703598 1.721915 3002 
0.703598 1.721915 3002 
0.147820 1.756245 3002 
0.981249 1.461681 3002 
0.534090 1.732082 3002 
0.053420 1.738647 3002 
0.657031 1.633406 3002 
0.657031 1.633406 3002 
1.062733 1.510956 3002 
0.947356 1.534735 3002 
-0.143720 1.901983 3002 
0.022635 1.783399 3002 
0.413638 1.708354 3002 
-0.059664 1.750553 3002 
-0.096594 1.775574 3002 
-0.225444 1.794975 3002 
0.806874 1.524194 3002 
0.806874 1.524194 3002 
0.321839 1.661878 3002 
0.007695 1.913947 3002 
1.095833 1.545366 3002 
-0.094436 1.793219 3002 
0.115331 1.810857 3002 
0.813532 1.634153 3002 
-0.267962 1.833341 3002 
0.043204 1.841059 3002 
-0.260207 1.717464 3002 
-0.084043 1.829190 3002 
0.630071 1.821662 3002 
0.649552 1.609827 3002 
0.649552 1.609827 3002 
0.511001 1.843086 3002 
0.825927 1.624145 3002 
0.596485 1.594396 3002 
0.596485 1.594396 3002 
0.616646 1.663806 3002 
0.616646 1.663806 3002 
0.475581 1.707171 3002 
0.024089 1.738680 3002 
0.040633 1.693522 3002 
0.040633 1.693522 3002 
0.957474 1.542216 3002 
0.358578 1.630991 3002 
0.147718 1.826796 3002 
-0.313038 1.683951 3002 
-0.376789 1.735714 3002 
0.303336 1.715999 3002 
-0.329311 1.775705 3002 
0.152501 1.803134 3002 
0.440389 1.822220 3002 
0.827447 1.576126 3002 
0.101084 1.820294 3002 
0.248642 1.702861 3002 
0.863846 1.628999 3002 
1.028091 1.541376 3002 
1.094471 1.460786 3002 
0.239402 1.727393 3002 
0.855361 1.579123 3002 
0.447092 1.758386 3002 
0.649646 1.720375 3002 
0.649646 1.720375 3002 
0.851613 1.553349 3002 
0.174193 1.780698 3002 
1.096464 1.489875 3002 
-0.356475 1.672816 3002 
0.805641 1.649116 3002 
0.805641 1.649116 3002 
1.011849 1.437199 3002 
0.900238 1.621289 3002 
0.781370 1.586888 3002 
0.781370 1.586888 3002 
0.555128 1.701689 3002 
0.555128 1.701689 3002 
0.379606 1.689052 3002 
0.612241 1.679945 3002 
0.612241 1.679945 3002 
0.433901 1.744249 3002 
0.380964 1.737887 3002 
0.624758 1.674004 3002 
0.624758 1.674004 3002 
0.231971 1.852460 3002 
0.269325 1.677529 3002 
0.833173 1.624952 3002 
-0.022754 1.743626 3002 
0.787023 1.578519 3002 
0.787023 1.578519 3002 
-0.189798 1.745158 3002 
-0.136123 1.767096 3002 
-0.307790 1.736217 3002 
1.056268 1.464050 3002 
0.293044 1.701443 3002 
-0.349637 1.769703 3002 
0.849700 1.487444 3002 
0.647195 1.765072 3002 
0.723309 1.627980 3002 
0.723309 1.627980 3002 
0.071705 1.881139 3002 
-0.348315 1.769304 3002 
0.839379 1.628955 3002 
-0.128485 1.716123 3002 
0.238036 1.736373 3002 
-0.203566 1.767411 3002 
0.893255 1.575664 3002 
0.537365 1.781426 3002 
1.003553 1.480666 3002 
0.129391 1.854356 3002 
