0.721284 1.597740 3003 
0.527335 1.680326 3003 
0.964948 1.548297 3003 
0.964948 1.548297 3003 
0.520695 1.555920 3003 
0.703598 1.721915 3003 
0.981249 1.461681 3003 
0.981249 1.461681 3003 
0.534090 1.732082 3003 
0.657031 1.633406 3003 
1.062733 1.510956 3003 
1.062733 1.510956 3003 
0.947356 1.534735 3003 
0.947356 1.534735 3003 
0.806874 1.524194 3003 
1.095833 1.545366 3003 
1.095833 1.545366 3003 
0.813532 1.634153 3003 
0.813532 1.634153 3003 
1.146391 1.442117 3003 
0.630071 1.821662 3003 
0.649552 1.609827 3003 
0.511001 1.843086 3003 
0.825927 1.624145 3003 
0.825927 1.624145 3003 
0.596485 1.594396 3003 
0.616646 1.663806 3003 
0.957474 1.542216 3003 
0.957474 1.542216 3003 
0.827447 1.576126 3003 
0.827447 1.576126 3003 
0.863846 1.628999 3003 
0.863846 1.628999 3003 
1.028091 1.541376 3003 
1.028091 1.541376 3003 
1.094471 1.460786 3003 
1.094471 1.460786 3003 
0.855361 1.579123 3003 
0.855361 1.579123 3003 
0.649646 1.720375 3003 
0.851613 1.553349 3003 
0.851613 1.553349 3003 
1.096464 1.489875 3003 
1.096464 1.489875 3003 
0.805641 1.649116 3003 
1.011849 1.437199 3003 
1.011849 1.437199 3003 
0.900238 1.621289 3003 
0.900238 1.621289 3003 
0.781370 1.586888 3003 
0.555128 1.701689 3003 
0.612241 1.679945 3003 
0.624758 1.674004 3003 
0.833173 1.624952 3003 
0.833173 1.624952 3003 
0.787023 1.578519 3003 
1.056268 1.464050 3003 
1.056268 1.464050 3003 
0.849700 1.487444 3003 
0.849700 1.487444 3003 
0.647195 1.765072 3003 
0.723309 1.627980 3003 
1.248857 1.462841 3003 
0.839379 1.628955 3003 
0.839379 1.628955 3003 
0.893255 1.575664 3003 
0.893255 1.575664 3003 
0.537365 1.781426 3003 
1.003553 1.480666 3003 
1.003553 1.480666 3003 
