1.347025 -1.109106 4 
1.171164 -1.450533 4 
1.318860 -1.173978 4 
1.556745 -1.129760 4 
0.964078 -1.508454 4 
1.179744 -1.213561 4 
1.529484 -1.176505 4 
1.070286 -1.503637 4 
1.373030 -1.176064 4 
1.180918 -1.057747 4 
0.749163 -1.539985 4 
0.867912 -1.535207 4 
1.299035 -1.184611 4 
0.882704 -1.544994 4 
1.295858 -1.341478 4 
0.911461 -1.586211 4 
0.811869 -1.563832 4 
1.341041 -1.230124 4 
1.012510 -1.357099 4 
1.492210 -1.139714 4 
1.075915 -1.417096 4 
1.242581 -1.325208 4 
1.172772 -1.304120 4 
1.158725 -1.344010 4 
1.340209 -1.195139 4 
1.246864 -1.280696 4 
1.269567 -1.192598 4 
0.968931 -1.593047 4 
0.884395 -1.455348 4 
1.306122 -1.374715 4 
1.545863 -1.104074 4 
1.120850 -1.210537 4 
1.430046 -1.054529 4 
1.251953 -1.326818 4 
1.330115 -1.183661 4 
0.997050 -1.321894 4 
1.146709 -1.524550 4 
0.886965 -1.591505 4 
1.046253 -1.391446 4 
1.445448 -1.139829 4 
0.871943 -1.554557 4 
0.853703 -1.547159 4 
1.501837 -1.202832 4 
0.803774 -1.711444 4 
0.799512 -1.836033 4 
1.211438 -1.300724 4 
1.063498 -1.363513 4 
1.233934 -1.402155 4 
1.096831 -1.477235 4 
1.320681 -1.222329 4 
1.029231 -1.446623 4 
0.814108 -1.612981 4 
0.794459 -1.635864 4 
1.029054 -1.321877 4 
1.303731 -1.274921 4 
0.835660 -1.517557 4 
1.556316 -1.066099 4 
1.069233 -1.602688 4 
0.903204 -1.513690 4 
0.756977 -1.826736 4 
1.009987 -1.555974 4 
1.283115 -1.202251 4 
1.632038 -1.068427 4 
