-1.548714 -0.888029 1
-1.651780 -0.626241 1
-1.309784 -0.942019 1
-1.681685 -0.648081 1
-1.834982 -0.314283 1
-1.547592 -0.896440 1
-1.609324 -0.846412 1
-1.697291 -0.737977 1
-1.673210 -0.446068 1
-1.397370 -0.924378 1
-1.765579 -0.517507 1
-1.586344 -0.671425 1
-1.495270 -0.940679 1
-1.750556 -0.166363 1
-1.762876 -0.853772 1
-1.850787 -0.349329 1
-1.387039 -0.875376 1
-1.735713 -0.659695 1
-1.568659 -0.717602 1
-1.761439 -0.692480 1
-1.758827 -0.279393 1
-1.766982 -0.211605 1
-1.741753 -0.596171 1
-1.619484 -0.593353 1
-1.820622 -0.600065 1
-1.764685 -0.320238 1
-1.845135 -0.196220 1
-1.637394 -0.443047 1
-1.573287 -0.187675 1
-1.434961 -0.614731 1
-1.105770 -1.030574 1
-1.812676 -0.218684 1
-1.741108 -0.602957 1
-1.711888 -0.274992 1
-1.612557 -0.676363 1
-1.910274 -0.419433 1
-1.377936 -0.926676 1
-1.603792 -0.645337 1
-1.709442 -0.216805 1
-1.766340 -0.615481 1
-1.771451 -0.565502 1
-1.554331 -0.874023 1
-1.608249 -0.705664 1
-1.492445 -0.989000 1
-1.661208 -0.328793 1
-1.812720 -0.215539 1
-1.768201 -0.141825 1
-1.902562 -0.195457 1
1.677098 -1.206016 -1
-1.639987 -0.604001 1
-1.569402 -0.324309 1
-1.574935 -0.567032 1
-1.574777 -0.916347 1
-1.793559 -0.446362 1
-1.813706 -0.419320 1
-1.606822 -0.838864 1
-1.371591 -0.758355 1
-1.671463 -0.849079 1
-1.343729 -0.963756 1
-1.504940 -0.916202 1
-1.058422 -0.168933 -1
-1.806544 -0.132408 1
-1.634726 -0.137771 1
-1.666924 -0.928145 1
-1.717926 -0.353661 1
-1.552886 -0.700952 1
