-0.958449 -0.290810 1
-0.391899 -0.711220 1
-0.858203 -0.175220 1
-0.251640 -0.749108 1
-0.804598 -0.507927 1
-0.671196 -0.690488 1
-0.825392 -0.399168 1
-0.593046 -0.783492 1
-0.632276 -0.418918 1
-0.301271 -0.868139 1
-0.345869 -0.677821 1
-0.312147 -0.875697 1
-0.838224 -0.504020 1
-0.403462 -0.844113 1
-0.824116 -0.319886 1
-0.746616 -0.520740 1
-0.787550 -0.332769 1
-0.463663 -0.705594 1
-0.759619 -0.234449 1
-0.906161 -0.196208 1
-0.869012 -0.140604 1
-0.870527 -0.352425 1
-0.301516 -0.935931 1
-0.638526 -0.451537 1
-0.690174 -0.165703 1
-0.957539 -0.197707 1
-0.462360 -0.622087 1
-0.825847 -0.469208 1
-0.751259 -0.382704 1
-0.916665 -0.412834 1
-0.531924 -0.412922 1
-0.321345 -0.945508 1
-0.313716 -0.876092 1
-0.449408 -0.807401 1
-0.797786 -0.520403 1
-0.260101 -0.875576 1
-0.851893 -0.139452 1
-0.629326 -0.631635 1
-0.159020 -0.813326 1
-0.356644 -0.938585 1
-0.851469 -0.246060 1
-0.886168 -0.194462 1
-0.716341 -0.338379 1
-0.747031 -0.650129 1
-0.679000 -0.448226 1
-0.752631 -0.233144 1
-0.763500 -0.444030 1
-0.469029 -0.674332 1
-0.962662 -0.231088 1
-0.751434 -0.507291 1
-0.284904 -0.694018 1
-0.645276 -0.648403 1
-0.539707 -0.704092 1
-0.861293 -0.315196 1
-0.842469 -0.296027 1
-0.631246 -0.901786 1
-0.661424 -0.738725 1
-0.494194 -0.705342 1
-0.951266 -0.496979 1
-0.394303 -0.805815 1
-0.273283 -0.989832 1
-0.662364 -0.768507 1
-0.316238 -0.824970 1
-0.815269 -0.349542 1
-0.578784 -0.829897 1
-0.824027 -0.203248 1
-0.832648 -0.374630 1
-0.277722 -0.801851 1
-0.600853 -0.854835 1
-0.817024 -0.211715 1
-0.806776 -0.331597 1
-0.543991 -0.658606 1
-0.453531 -0.733960 1
-0.639243 -0.317035 1
-0.666248 -0.354104 1
-0.274416 -0.962245 1
-0.159774 -0.908756 1
-0.885188 -0.366392 1
-0.640856 -0.632005 1
-0.492923 -0.840263 1
-0.896412 -0.347279 1
-0.660260 -0.683066 1
-0.309872 -0.808048 1
-0.276499 -0.971954 1
-0.228770 -0.744112 1
-0.546432 -0.870221 1
-0.784936 -0.220854 1
-0.392312 -0.663255 1
-0.577819 -0.597146 1
-0.372799 -0.665233 1
-0.372917 -0.917875 1
-0.276793 -0.845516 1
-0.535563 -0.553869 1
-0.320206 -0.705857 1
-0.739780 -0.592696 1
-0.662397 -0.422770 1
-0.561952 -0.654117 1
-0.414505 -0.932040 1
-0.173769 -0.764645 1
-0.557939 -0.517652 1
-0.657081 -0.600326 1
-0.545696 -0.831394 1
-0.311064 -0.705113 1
-0.435164 -0.710540 1
-0.643605 -0.681188 1
-0.868204 -0.436602 1
-0.698238 -0.624295 1
-0.180973 -0.826150 1
-0.850809 -0.368483 1
-0.813191 -0.405856 1
-0.640512 -0.471388 1
-0.968439 -0.217100 1
-0.223861 -0.772327 1
-0.959124 -0.329128 1
-0.494771 -0.786421 1
-0.184659 -0.824432 1
-0.730067 -0.509146 1
-0.581770 -0.614895 1
-0.490534 -0.615343 1
-0.822619 -0.548498 1
-0.224745 -0.826269 1
-0.623540 -0.301658 1
-0.631903 -0.609960 1
-0.755788 -0.457370 1
-0.616598 -0.794279 1
-0.919672 -0.159377 1
-0.853313 -0.286577 1
-0.443010 -0.979639 1
-0.414338 -0.753036 1
-0.242928 -0.881501 1
-0.948147 -0.244781 1
-0.519380 -0.674424 1
-0.849201 -0.359190 1
-0.816704 -0.188572 1
-0.884192 -0.295809 1
-0.295970 -0.793949 1
-0.505530 -0.716113 1
-0.612777 -0.892730 1
-0.612060 -0.508740 1
-0.856774 -0.459219 1
-0.592080 -0.484605 1
-0.838871 -0.422696 1
-0.564695 -0.763997 1
-0.422355 -0.752118 1
-1.003918 -0.266259 1
-0.713502 -0.562998 1
-0.721571 -0.159470 1
-0.573356 -0.398308 1
-0.283042 -0.837739 1
-0.892149 -0.237620 1
-0.679953 -0.621022 1
-0.617111 -0.638345 1
