0.308896 -0.817517 1
0.171268 -0.926897 1
-0.079029 -0.949017 1
0.545200 -0.545088 1
0.565020 -0.703496 1
0.612146 -0.812423 1
0.126069 -0.677611 1
-0.049537 -0.989316 1
0.395186 -0.664591 1
0.595701 -0.468854 1
-0.103735 -1.010388 1
0.320511 -0.887583 1
0.449363 -0.668998 1
0.709813 -0.302391 1
0.454474 -0.698623 1
0.680153 -0.377903 1
0.525707 -0.699743 1
0.186526 -0.747313 1
0.219157 -0.853246 1
0.573366 -0.678858 1
0.347679 -0.770017 1
-0.028951 -0.862979 1
0.535669 -0.372191 1
0.679285 -0.536727 1
0.134371 -0.891456 1
0.709492 -0.638765 1
0.666512 -0.375841 1
0.589834 -0.741003 1
0.353623 -0.745200 1
0.434144 -0.857625 1
0.726476 -0.529249 1
0.386562 -0.769970 1
0.318403 -0.921391 1
0.085278 -0.767534 1
0.309648 -0.892164 1
0.452719 -0.755098 1
0.620416 -0.601570 1
-0.092449 -0.771099 1
0.185950 -0.886868 1
0.239186 -0.862891 1
0.326573 -0.732012 1
0.547333 -0.625734 1
0.567357 -0.422006 1
-0.091959 -0.829620 1
0.741261 -0.469345 1
0.277222 -0.712575 1
0.131019 -0.900586 1
0.371577 -0.844366 1
0.086713 -0.778355 1
-0.014705 -0.731414 1
0.114234 -0.919446 1
0.361220 -0.890567 1
0.013953 -0.919063 1
-0.107349 -0.976826 1
0.161642 -0.910580 1
0.642922 -0.610205 1
0.486683 -0.519913 1
0.310708 -0.945457 1
0.524558 -0.664790 1
0.688571 -0.557373 1
0.351236 -0.834645 1
0.043201 -0.857380 1
0.146282 -0.885279 1
0.109029 -0.827945 1
0.345265 -0.630644 1
0.147918 -0.882547 1
-0.136021 -0.918998 1
-0.099985 -0.863359 1
0.327599 -0.664867 1
0.019352 -0.982762 1
0.309764 -0.677598 1
0.045463 -0.840918 1
0.716245 -0.570750 1
0.547886 -0.866878 1
0.085633 -0.838951 1
0.599115 -0.761827 1
0.540391 -0.898251 1
0.712067 -0.151408 1
0.200589 -0.954468 1
-0.063611 -0.870880 1
0.534232 -0.672698 1
0.090500 -0.825535 1
0.392518 -0.874700 1
0.668703 -0.705106 1
0.720750 -0.635096 1
0.634676 -0.766922 1
0.159402 -0.902159 1
0.660988 -0.532711 1
0.160363 -0.849780 1
0.537649 -0.834827 1
0.649396 -0.733508 1
0.051243 -0.941702 1
-0.051149 -0.947630 1
0.546603 -0.671239 1
-0.057358 -0.773731 1
0.149722 -0.943984 1
0.019137 -1.009918 1
0.702125 -0.739486 1
0.726959 -0.398605 1
0.661472 -0.494334 1
0.398450 -0.953803 1
0.412077 -0.725970 1
-0.144148 -0.825967 1
0.698162 -0.674170 1
0.190429 -0.748659 1
0.208129 -0.935064 1
0.644311 -0.610388 1
0.195198 -0.816173 1
0.266384 -0.874711 1
0.548955 -0.729072 1
0.644168 -0.727525 1
0.432906 -1.030586 1
0.519944 -0.679816 1
-0.015009 -0.971509 1
0.587963 -0.464262 1
0.196167 -0.930178 1
0.003298 -0.952642 1
0.425887 -0.621397 1
0.479519 -0.673730 1
0.727181 -0.378282 1
0.493699 -0.789921 1
0.483946 -0.814549 1
0.454025 -0.808624 1
0.400070 -0.938861 1
0.582195 -0.719428 1
0.523442 -0.639414 1
0.707220 -0.335788 1
0.138459 -0.991599 1
-0.120596 -0.740445 1
0.345996 -0.742556 1
0.031635 -0.981042 1
0.692838 -0.557191 1
-0.064081 -1.011033 1
0.644500 -0.613065 1
0.396911 -0.722267 1
