0.777461 -0.525246 8 
0.755332 -0.477734 8 
0.768418 -0.633196 8 
1.630457 -0.610557 9 
0.755741 -0.378264 8 
1.424042 -1.018345 9 
0.884386 -0.328522 8 
1.624127 -0.801126 9 
1.545089 -0.885505 9 
0.772901 -0.515010 8 
0.900640 -0.199660 8 
1.617455 -0.341595 9 
0.862014 -0.148160 8 
0.934644 -0.559379 8 
0.748396 -0.393219 8 
0.818039 -0.193770 8 
1.548278 -0.881494 9 
0.977143 -0.193584 8 
1.454000 -1.001499 9 
0.907530 -0.527887 8 
0.854441 -0.218107 8 
1.497121 -0.882741 9 
0.745573 -0.331074 8 
0.855383 -0.321985 8 
0.801596 -0.397850 8 
0.840355 -0.279656 8 
1.553828 -0.841250 9 
0.891877 -0.166500 8 
0.827670 -0.367973 8 
1.330216 -0.736651 9 
0.783786 -0.613308 8 
0.957640 -0.239572 8 
0.809098 -0.400966 8 
0.844655 -0.227692 8 
1.593489 -0.911001 9 
0.929469 -0.160003 8 
1.420861 -0.835424 9 
0.754564 -0.249372 8 
0.868938 -0.362906 8 
0.765852 -0.442271 8 
0.836305 -0.144043 8 
1.605685 -0.665252 9 
0.877379 -0.215181 8 
0.802158 -0.151124 8 
0.771735 -0.565833 8 
0.823396 -0.373605 8 
0.988283 -0.438870 8 
0.805993 -0.340082 8 
0.777626 -0.163360 8 
1.314065 -1.009151 9 
0.917469 -0.142286 8 
1.565146 -0.796531 9 
0.861954 -0.190393 8 
0.964399 -0.211403 8 
1.561358 -0.672808 9 
1.592533 -0.854100 9 
1.637203 -0.992045 9 
1.517788 -0.864959 9 
0.792857 -0.154055 8 
0.846376 -0.195572 8 
0.794755 -0.280421 8 
0.747399 -0.461102 8 
0.983111 -0.177643 8 
1.533801 -0.411990 9 
0.870171 -0.414015 8 
0.786487 -0.448327 8 
1.499223 -0.697138 9 
0.825035 -0.517780 8 
0.995854 -0.140671 8 
1.570676 -0.728476 9 
0.868737 -0.188175 8 
1.619359 -0.646633 9 
0.754488 -0.347747 8 
0.944192 -0.376800 8 
0.748081 -0.579097 8 
1.461195 -0.985121 9 
0.900116 -0.164450 8 
0.772473 -0.391964 8 
1.602564 -0.606599 9 
