1.728345 -0.309943 1
-1.836612 0.278591 2
-1.482894 0.687916 2
1.679804 -0.615185 1
-1.759289 0.085024 2
-1.702893 0.582508 2
1.711347 -0.726074 1
-1.622942 0.728617 2
-1.956568 -0.046331 2
-1.672407 0.677482 2
-1.774374 0.130058 2
-1.499125 0.707678 2
1.761949 -0.509754 1
1.690634 -0.376158 1
1.652608 -0.807745 1
1.891850 -0.424516 1
-1.692459 0.207543 2
1.715815 -0.950045 1
-1.783719 0.511579 2
1.788575 -0.148426 1
-1.851624 0.248128 2
-1.549984 0.711851 2
-1.807301 -0.067757 2
-1.505947 0.084517 2
1.805148 -0.149630 1
1.703773 -0.380293 1
-1.502940 0.711652 2
1.786647 -0.529348 1
1.648938 -0.849293 1
-1.655543 0.424729 2
-1.897691 0.258832 2
-1.489730 0.743966 2
1.721962 -0.563324 1
-1.602538 0.667781 2
-1.781052 0.419305 2
-1.854702 0.160811 2
-1.906619 0.376601 2
-1.690081 0.255898 2
1.667721 -0.441106 1
-1.773716 0.169599 2
1.670668 -0.237770 1
1.645491 -0.541908 1
1.775732 -0.160351 1
-1.713439 0.243719 2
1.735134 -0.577808 1
-1.690235 -0.027345 2
-1.734255 0.131335 2
1.744692 -0.242604 1
-1.644495 0.028389 2
-1.608192 0.297479 2
-1.727391 -0.045694 2
-1.734020 0.617315 2
1.795994 -0.207868 1
1.698155 -0.751415 1
-1.825015 0.535961 2
-1.829872 -0.107138 2
-1.799312 0.041892 2
-1.739919 0.713692 2
-1.712157 0.492821 2
1.804788 -0.152994 1
-1.607140 0.720415 2
-1.741219 0.462120 2
-1.802130 0.364285 2
1.693541 -0.794584 1
-1.793230 0.529315 2
-1.705311 -0.042425 2
1.836786 -0.363230 1
1.703237 -0.568070 1
1.788969 -0.157333 1
-1.759212 0.473811 2
-1.757912 -0.026344 2
1.804775 -0.293786 1
1.683215 -0.223262 1
-1.756912 0.739851 2
-1.815908 0.054632 2
1.696970 -0.216439 1
-1.691516 0.367543 2
1.654575 -0.671764 1
-1.773336 0.083547 2
-1.688834 0.515346 2
1.773056 -0.593305 1
-1.924755 0.346638 2
-1.835631 0.540768 2
-1.754148 0.564362 2
-1.704989 0.389996 2
1.788139 -0.317002 1
1.684038 -0.626751 1
-1.748379 0.582160 2
-1.848370 0.515000 2
-1.562102 0.607286 2
1.657625 -0.360127 1
1.745697 -0.439352 1
1.770076 -0.213000 1
-1.696075 0.733601 2
1.769689 -0.195159 1
-1.827636 0.127979 2
-1.572296 0.017098 2
-1.804960 0.152079 2
-1.746292 0.003773 2
-1.710901 0.619180 2
-1.775228 -0.129356 2
-1.781604 0.693295 2
1.702092 -0.527033 1
1.729778 -0.742141 1
