-0.408732 0.684400 1
-0.929475 0.130105 1
-0.931080 -0.017575 1
-0.776110 0.043885 1
-0.838814 0.305908 1
-0.905551 0.144915 1
-0.816340 0.396889 1
-0.976982 0.143868 1
-0.732146 0.525465 1
-0.694088 0.347203 1
-1.025584 0.060752 1
-0.913350 0.323013 1
-0.992220 0.399342 1
-0.978312 0.357149 1
-0.398592 0.710676 1
-0.718004 0.412844 1
-0.825589 0.145936 1
-0.229425 0.684582 1
-0.821499 0.228040 1
-0.406123 0.709197 1
-0.576371 0.536974 1
-0.782326 0.466715 1
-0.541616 0.702749 1
-0.637195 0.565776 1
-0.388119 0.714264 1
-0.870210 0.003076 1
-0.913135 -0.059219 1
-0.745963 0.412551 1
-0.955664 0.154045 1
-0.704665 0.459263 1
-0.514550 0.453298 1
-0.928904 0.314305 1
-0.635944 0.697987 1
-0.741745 0.412030 1
-0.716496 0.539553 1
-0.534806 0.643741 1
-0.981859 0.096858 1
-0.909137 0.101766 1
-0.680590 0.407351 1
-0.758522 0.417843 1
-0.789003 0.262320 1
-0.227445 0.762731 1
-0.765713 -0.083431 1
-0.775131 0.298273 1
-0.527858 0.689262 1
-0.575916 0.668068 1
-0.734664 0.645156 1
-0.876023 0.248741 1
-0.800517 0.288952 1
-0.739506 0.286906 1
-0.968688 -0.023150 1
-0.714089 0.671026 1
-0.578716 0.695838 1
-0.555136 0.619032 1
-0.901978 0.340660 1
-0.473232 0.587347 1
-0.986510 -0.028576 1
-0.590535 0.666044 1
-0.162410 0.757882 1
-0.785598 0.603401 1
-0.860492 0.222079 1
-0.187428 0.767925 1
-0.768481 0.598844 1
-0.864627 0.113086 1
-0.689557 0.674815 1
-0.247032 0.751465 1
-0.632379 0.603467 1
-0.495981 0.590109 1
-0.947419 0.136841 1
-0.726017 0.635651 1
-0.917809 0.266480 1
-0.828234 0.316125 1
-0.508662 0.452533 1
-0.763734 0.304545 1
-1.005529 -0.062980 1
-0.660461 0.527713 1
-0.862854 0.397363 1
-0.617189 0.593573 1
-0.931765 0.108766 1
-0.868698 0.213078 1
-0.572004 0.735591 1
-0.901848 0.059477 1
-0.824867 0.059758 1
-0.928662 0.114053 1
-0.556835 0.499298 1
-0.329453 0.687470 1
-0.817755 0.101499 1
-0.840132 0.148019 1
-0.677481 0.558624 1
-0.861030 -0.067984 1
-0.934547 0.211160 1
-1.013430 0.091847 1
-0.594335 0.683069 1
-0.438360 0.734754 1
-0.701560 0.610092 1
-0.749323 0.017519 1
-0.660093 0.443446 1
-0.596612 0.767220 1
-0.746533 0.339286 1
-0.775220 0.531087 1
-0.743346 0.394669 1
-0.803098 0.363888 1
-0.830930 0.193036 1
-0.949624 0.008224 1
-0.509161 0.569264 1
-0.461850 0.544577 1
-1.015219 0.349606 1
-0.969500 -0.076868 1
-0.830906 0.126593 1
-0.605618 0.684664 1
-0.522400 0.554749 1
-0.883934 -0.130102 1
-0.660562 0.437313 1
-0.882583 0.068016 1
-0.902224 0.143934 1
-0.268395 0.695342 1
-0.614517 0.500664 1
-0.935846 0.165769 1
-0.711278 0.337592 1
-1.031799 0.216767 1
-0.710048 0.419116 1
-0.739301 0.164726 1
-0.669612 0.531439 1
-0.558895 0.588963 1
-0.420686 0.759745 1
-1.034195 -0.091634 1
-0.881563 0.105833 1
-0.582763 0.600342 1
-0.582541 0.573762 1
-0.808362 0.214200 1
-0.891882 0.413230 1
-0.794432 0.447249 1
-0.753054 0.323776 1
-0.725754 0.443639 1
-0.849380 0.083068 1
-0.906309 0.423386 1
-0.850284 -0.023650 1
-0.959327 -0.108776 1
-0.890221 0.452277 1
-0.877692 0.288164 1
-0.748847 0.137757 1
