0.9124288888234156 -0.047840744762050115 1
-0.1338815938803268 -0.7998618911854452 1
-1.4522153391358557 -1.1144502160731213 0
0.6196028968497109 0.5566072914986342 1
-0.5263522643351514 0.7342561043312741 1
0.8179055569878795 -0.27969611488507184 1
1.652943259508378 0.6857745234358913 0
-1.7593608117892443 0.4125932896687293 0
-1.4628956086095415 -1.2252595486155362 0
-0.7844273275042939 0.4162220394050298 1
1.727413271143552 -0.05843196391180657 0
0.6737194903340414 0.6377978564471126 1
-0.7009655839938476 -0.4043347318090941 1
-1.7520555692613808 0.15975480811391793 0
0.4813147685809387 0.7235384977237596 1
1.3260639573763109 1.1410826456318284 0
0.3216250728601616 -0.7684552585014529 1
-1.025885654110394 1.368202512568435 0
1.7922964483047596 0.3903347056597168 0
0.9478572791570844 1.4873487884715766 0
1.566038636234238 0.7334944018187807 0
1.7603594024331093 -0.39914804520651914 0
-1.3934557992540455 -1.3129990252961212 0
-1.2805578871209713 -1.2247930970805427 0
0.08503481700860148 -0.9129697733379815 1
-0.6932235893341836 -0.35706746225941305 1
1.5842128308999661 0.896072027818678 0
0.5649922940403008 1.7396045464424108 0
-0.8978851598417138 -0.0652301285874471 1
1.7281608662546604 0.06282085079415724 0
-0.4618388934457669 -0.6968502234289371 1
-0.7374980579545312 0.4821074232951101 1
0.04754650277831428 0.8811482520089983 1
-0.7741602450353208 -0.506526666723188 1
0.7411395470969843 -1.6371550130262318 0
-0.905933304843343 0.14479494232647733 1
0.7276529390960653 -0.4167880142704384 1
-0.20727722805240748 -1.7991761403945605 0
0.44910800032329573 -0.7110081246972993 1
-1.7303299179643299 -0.3860994517401966 0
-1.7015663897820277 0.5172465208330608 0
0.8321445118259596 -0.006771707900236184 1
-0.10144599420517081 0.9115127182808609 1
-0.669447361542973 0.6300354930264243 1
-1.9076237618145853 0.07929831496972396 0
-0.7283052588482277 -0.30074123248096707 1
-0.49912046945199146 -0.7403328460362794 1
-0.4028156924302743 1.7463339979826036 0
-1.21480042397716 -1.3216640714736587 0
0.46282412063562167 0.7092888094797403 1
-0.8645404491355808 -1.5630096348457216 0
-1.5549841095839751 -0.9334958727164736 0
-1.8110379279574789 -0.33626506766825975 0
1.182819609953088 -1.3888523212602788 0
-0.1878231335763987 -0.8544173624160033 1
0.5265907859258404 0.7195641040063339 1
-1.6708807673888317 -0.4645908736334687 0
-1.7539646599053287 -0.4409372960385139 0
0.9683005771438287 -0.1387066110630862 1
-1.1591050237425913 -1.3879941079809137 0
0.6049257163283722 0.734817237307072 1
-0.08018278608325563 0.9335551689691736 1
-0.37017647546565985 1.7951856633162435 0
-1.380651303630215 0.9788679424991013 0
0.8316708404471841 -1.5892614846590545 0
-1.449545093154548 1.1235389175755872 0
-1.831860361215514 -0.27830908523548253 0
0.9031237156238495 0.3921915960251016 1
-1.7896647465099156 -0.09632788463800254 0
0.4335852972904715 0.7581875346053358 1
-0.8547678864472459 0.07193721711701746 1
-1.4959140930600414 -0.9628852409103376 0
-0.8500587555797025 0.2006260850224133 1
-1.815052797024904 0.09849032421098362 0
0.4982370977382203 -0.6706173990482036 1
0.6762039917885234 -1.5751447284718836 0
0.35411867648261697 -1.8169257565331616 0
-0.7374080802612651 -0.48320223136506507 1
0.24143095093122813 0.8465310842907287 1
-0.3209643981402072 0.725315742252125 1
-1.7304506767441301 -0.2498042289303188 0
1.4785088354225988 -0.8800261135536585 0
0.2634946219384272 -1.7332228492063348 0
0.7786536285939926 -0.21384097965569004 1
0.2985971902996969 -0.7946644392871538 1
-0.6704106190061111 0.5893251649850766 1
-1.6920902502120219 0.36111372854369267 0
0.9196350517479593 -0.024726735699866737 1
1.7376225803970027 -0.0669547574968047 0
0.06672193191604474 -0.931331036681724 1
1.3777335125641945 -0.9751608878860086 0
1.7825076940937117 -0.12256331745099833 0
0.5107485253815888 -0.7000263869872414 1
-1.7030156886205534 -0.6312282607805436 0
-0.13284691265646395 0.8366954849926208 1
1.7058496741713185 -0.29028468387381445 0
0.6229345213847886 0.6070851943966047 1
0.44518776476854155 1.6991736429011082 0
-0.10009593674057263 -1.7503480622553615 0
-0.20707400201209109 0.8657363266807634 1
-0.7484679643853807 -0.3774776779523144 1
-0.08923868831182107 -0.9313581344060824 1
1.0895425688099036 1.3075000061161037 0
0.36534546867980733 -0.8667946400178739 1
-1.245323372192438 -1.2694653309798367 0
-0.15200448102180375 0.9812288989458369 1
-0.4076065579528952 0.7190334129726833 1
-0.7572771054031835 -0.34292775124401204 1
0.7154395484224951 -0.4497899942990852 1
-1.6098361169740525 0.861880944667099 0
0.614512913915965 1.706385653286647 0
0.4395308355948198 0.7534858223117009 1
1.6100803206455458 -0.7027104149140249 0
0.8525967218175089 0.28013885290702023 1
-1.718297334808026 -0.1414758878054759 0
0.18039261488839975 -1.7749200857101184 0
0.7792025924104445 0.5083026671576778 1
0.14149035826403455 -1.7783264005137809 0
1.7912266570528004 -0.2838886214269681 0
0.9692148521761663 0.18613101430646878 1
-0.7593572425197919 -0.4053303467697953 1
0.21188790202323446 -0.9138555695844108 1
0.04308718486785018 1.7814818407646331 0
0.6394003218357756 -0.5198519219326763 1
1.438316822505579 1.192001013235288 0
-0.3070635663791287 -0.8357784005980763 1
0.05256059458217814 -1.7099389690427305 0
-1.6631521560436409 -0.7377009387732997 0
0.6544095627117511 -0.6997753554025786 1
0.2048590623392969 0.8936927365526246 1
1.7458239772507034 -0.07287009248318127 0
0.033897442490385406 0.888420010218394 1
0.29270860369670176 0.8665335789721689 1
-0.756470802745399 0.4205000097474359 1
-0.9191367267361904 -0.051623237323025456 1
-0.05731204293407913 0.8527030183938226 1
-1.2608032196366823 -1.2871147216489922 0
1.7595274505911174 0.0933930198179289 0
0.8571885602112008 0.30733289416526205 1
0.0654158112269473 -0.8996235943367491 1
0.5325210354898512 1.6745150955719377 0
0.006804230189281732 0.8584069463869591 1
0.8077127561467883 0.17411261547985704 1
-1.7889110114426878 -0.053319926468099826 0
-1.7475345378922373 -0.6787956896698915 0
1.0220517302804755 -1.4139758413339651 0
0.17308818793794517 -1.6705963947515008 0
0.4408379697725394 -1.786235493008594 0
1.3816129990187536 1.1091805478134886 0
1.6402503466805742 0.8460477290839614 0
-1.6585009451508594 -0.4552149097938559 0
1.7290903467938532 0.7319789411243034 0
0.6911962067867932 -1.7061071890573578 0
-0.8016021522744824 -0.053525530409503454 1
0.8291409457305571 -0.344290857251519 1
0.7979597648250496 -0.11182150325492721 1
1.517613863719055 -0.8691013890298148 0
-0.29803012076882607 -1.75023692905671 0
-0.144858640702231 -0.9043234490508016 1
1.7293068237571432 -0.4130790911687014 0
0.5781359704559054 0.7675342359396751 1
0.8080746689274771 -0.19914105592049153 1
-0.6603333026381283 0.6502783476426122 1
-0.10695781488285006 -0.8608862083434795 1
0.47193824195977696 -0.5841021976852527 1
0.11846257447324629 -1.7863762311074225 0
-1.167906177186822 -1.4422914622128458 0
0.7386504841565631 -0.5465179494594956 1
-0.5893307790023525 -1.7383153139809535 0
0.855651980021593 -1.4896515501726797 0
0.7462389375070811 -0.5934264362188747 1
-0.7986305156005815 -0.5526539962759905 1
-0.403009383784538 1.7868589246515478 0
-0.5792865993557217 -0.7448203663725242 1
1.7862835050321269 -0.12911359839332218 0
-0.9392740560030866 -0.05252594714409698 1
-1.8895801481948933 0.16249111202034053 0
-0.256212157669477 0.936665008588953 1
0.06902296276116306 -0.9130056329489213 1
-0.4501248057477427 1.7016941401514503 0
-0.8350963489987216 -0.24001014373922427 1
0.858180832110106 0.05729880795826048 1
1.6574394739359586 -0.7731712100631564 0
-1.1960684437818214 -1.3121780916620056 0
0.8968921674256167 -0.1734464786687148 1
0.4810385944356499 -0.7460988422953517 1
-0.8122182139550312 0.35115026587071485 1
1.5208184544855654 -0.8440446657497918 0
-0.859101806899406 -0.34225501936007535 1
-1.477904182348477 0.9202009259307021 0
-0.39348208806259455 -0.7210110056575818 1
-0.4517096123298002 -0.7292566444431943 1
1.303830948616657 -1.268779701934028 0
1.7315406531472401 0.16477828985307735 0
-0.8406566176035382 -0.18823626314335212 1
-0.5856656192564714 0.7295795933200344 1
-0.810016284697933 0.35206909011599996 1
-1.554110487325658 0.6975326153943404 0
-0.25261580656399607 0.8711467887510029 1
-0.5095641500074645 1.7959776952488102 0
-0.655276106287147 0.6571888749304673 1
0.9483816316211159 -0.04263309120948689 1
-0.8613551093033561 -1.6196090855805263 0
0.7819463860751835 -0.1842441649960821 1
-0.4921080165578235 -0.6874703052353758 1
0.09045666629810135 0.9571893115744642 1
-0.6401183836757355 -0.6475327579386061 1
0.8842245044845947 0.1655602256960182 1
0.8709537639398144 0.23532333876958483 1
0.6505902065156765 -0.6125740275059942 1
0.26963704697745694 1.766292536732402 0
0.12491237247261457 0.7936897179201846 1
1.5589976119512545 0.7787896777275324 0
0.25931861572797815 -0.7883478243951367 1
0.2161293421398052 -0.8867063213794886 1
0.7796378449652154 -0.046905366553683644 1
-0.7537905608415074 1.7529594858637407 0
-0.5729548971785768 1.7557964219017443 0
1.5331782012297692 0.8027884842526344 0
0.38739152171555447 0.7432240604602453 1
-0.6734179759176432 -0.5694208657498089 1
0.310953968602037 0.866781872576406 1
0.7848311022418003 -0.4105126872307034 1
-1.7511875710563376 -0.3432496214880533 0
0.6883927927265024 -1.6201464817406803 0
-1.564116752991039 -0.9965751597762387 0
0.19148905406204403 0.8769380447002653 1
0.818284822214714 0.21447942752581714 1
1.6837706696680481 0.42095811280404677 0
1.1460113050022727 -1.5534468015479455 0
0.8029502087177768 0.2593149332769918 1
-1.3067414606576715 -1.2046473023155297 0
-0.022394261086144666 0.9027884047619246 1
-0.8398863030286218 -0.5354590740460002 1
1.1436263857543618 1.219888129849389 0
0.9118775861486832 1.4197596727946447 0
-0.5483266482837533 0.7297419028899481 1
-1.3061236180139764 1.1157656242304377 0
-0.9389184499024517 0.043788452658756444 1
-1.2463895123754223 1.366304345300901 0
0.8795809658177681 0.43815858562945903 1
1.7531904150585484 -0.3868407342483528 0
-1.3954288385133164 1.1534559162532592 0
-0.29466791079968635 -1.8074321283108206 0
0.9112869514568325 -0.13263226255933866 1
1.5991318614328331 -0.744068674010249 0
-0.5401006932602176 -1.7077972155157586 0
1.7695052194529326 0.0654046856082337 0
1.8178936199231097 -0.5361168956720486 0
-0.7751509781726112 0.5882525893710407 1
-1.7285815979197765 -0.10165315644695022 0
-0.5323081158024159 0.7761827572980304 1
0.8681437846297982 1.4820622878923 0
0.8679604644053346 -0.33868160660321583 1
0.9737411851103708 1.4467299470240234 0
-0.7739423164763972 -0.530705801041873 1
-0.38328382763109364 0.933773387574237 1
1.690450604766429 -0.7267513856977478 0
0.5514555981354848 -0.8419734170466925 1
1.6802857000090554 0.8087524490349406 0
0.7345931868616784 -0.5738960596938116 1
-0.8305261663246251 0.302628415463808 1
1.271522041363612 -1.251261111106042 0
-0.2469642099744863 1.7825697944761916 0
-0.5126005592990566 -0.6835781885695931 1
0.28589658907079785 0.8780502230710637 1
-0.8467188084018474 0.054625385312815904 1
1.5725654228823884 -0.7335230557104416 0
-0.8356027832904508 -1.511912812877042 0
0.9006833892599003 -1.454050079955302 0
-0.6815725378515616 0.448239356063991 1
0.6342863043567212 0.5891076555828889 1
1.4125203876945758 1.0975303554672307 0
-0.787390919204343 1.6378049055284793 0
-0.9190338321773699 -0.10907814845196859 1
-0.1888200165495689 -0.9195884547124759 1
-0.13327623663397467 -0.9883387232293459 1
0.7897933874941561 0.2670836717238068 1
1.2894274850300127 -1.1891920607374036 0
-1.0531414108064068 1.4358793143575301 0
0.7681809118146348 -0.38536662846566294 1
-0.9862934888020127 -1.4303432773720162 0
-0.5012922258764622 -1.729172103621817 0
-0.26235973830045844 -0.8574606068001287 1
-0.7966886761197383 -0.11356655423308258 1
1.5722110550108663 0.8770926908694451 0
-0.20715041811853283 -0.8539879485864521 1
-0.0448781797898935 -0.9398912055410553 1
-0.6891302993248604 1.6871507757399604 0
-1.7146882311038134 0.6790174595552471 0
-0.216329661861782 0.8208992204496957 1
-1.6482186155486438 0.8633133296857249 0
-0.9101562306252191 0.05494844178204772 1
0.896109003125022 -0.35034291104607534 1
-0.7363965090071389 0.5203809286202159 1
-0.9399278475159556 1.5450685369758483 0
0.8666363150889868 -0.036916521006112514 1
0.8266723413530652 -0.21140370227233007 1
1.7383597675067675 -0.14801127265455702 0
1.7846267830804108 0.22851924354791803 0
0.4807413317642821 1.773466791312966 0
1.0862974070655613 1.4192416341597818 0
1.6626237176613472 -0.45012069499848595 0
0.5244755113835022 -1.7289385147481287 0
1.1951115010748852 -1.3274770619760072 0
-1.848702257358784 -0.18301169981175922 0
-0.489337399336242 -0.806924717223903 1
0.19484378961018448 -0.9054373268364138 1
-1.4932145367571126 -1.1401310231295638 0
-0.6595486680935917 -0.4979058093602522 1
0.6283761225804834 -0.6156315675640248 1
0.4739369197418158 -0.6485226601315944 1
0.8184391937302478 0.3059910109110598 1
1.6754777625527708 0.5150050729570664 0
0.3055580754708496 -0.8946547263295901 1
0.10834972332574491 -1.710706723929429 0
0.9626413204172019 -1.485841727959141 0
-1.5542015336669073 -0.742718009706977 0
1.0971161454274099 1.2969269873404718 0
1.5085871449063268 1.0728696621005493 0
-1.121867721556548 1.3432143273008765 0
0.8709022743878287 0.035701672148147755 1
0.599817084728916 -0.6518754599754493 1
0.1585288583497914 1.76582581005674 0
-1.5222000646595135 -0.895149197792341 0
1.0671956263299327 1.4932996502927092 0
1.4481973778364976 1.0755947559467902 0
0.8892002951507366 0.07396036653648706 1
-1.7592516635554525 -0.3702529544099239 0
-0.740628415881749 -0.5354675034193296 1
-0.14050384756734013 -0.9339437000660805 1
-0.8100004629666697 0.019360770299885092 1
1.2499896698865582 1.2587653756667503 0
-0.7125860389636522 -0.5520546976138753 1
1.4689947378875194 1.0632290872395238 0
1.218589408425779 -1.235782913303026 0
-0.028585618008689622 1.8053095308394527 0
-0.3037633472550921 0.7836304870757645 1
0.7179086170881512 -1.6252576047935579 0
-1.038046799089603 -0.12696335086274227 1
0.638161711653349 -0.5384372793432276 1
1.7178982166109602 -0.4915957227870592 0
0.16060311667716856 1.8596052563589875 0
1.691638979783382 0.19217396707416887 0
-0.6807615775517071 1.552425876691003 0
-0.7794727972937849 -1.5484605751006426 0
0.03273172587164265 1.7526695131025338 0
1.4112178497601964 0.9261268743770646 0
-1.7179501886913342 0.3026834948322861 0
0.8381981977617571 0.32716894295176363 1
-1.6769141531176828 0.15731033460727703 0
0.3581904702157089 0.7598601170588366 1
-0.2570238951182931 -1.7158137522280923 0
0.7272541519557262 -0.4870646839430685 1
-0.30175621772926514 -0.8544785441029017 1
-0.7719688652889019 -0.5207284223757583 1
-1.0535576443931423 -1.4274225242101009 0
0.35665586078929584 -0.7658163404583195 1
-0.6547094501803781 -0.6120086704592922 1
-0.5133871032442703 -1.6517479766386465 0
-0.27711522742619343 -1.827290130905238 0
1.6587342696480283 0.3015137807574379 0
-1.2946292962541075 1.3269361218741147 0
0.6110855398221389 -1.625288322690265 0
-0.8442757224705436 -1.5567276663060843 0
-1.48505497623898 0.9656931398589536 0
0.7733329998944453 -0.3976393276799318 1
-0.6088962469739693 -1.7524289914788007 0
-1.250123379958107 -1.2981033115188036 0
-1.9018856848860353 0.23421492112149758 0
0.4454954949831301 -0.789478373862539 1
-1.010649936459089 1.5037744138008284 0
-1.2586382678710994 1.2977097774526278 0
0.6326966255309224 -0.6057393863318783 1
-0.16619511445371582 1.7753286052979929 0
-1.36762720281021 -1.0277040927777765 0
-0.8652955107285588 0.19753928543782837 1
-0.4454200879665375 0.7306642956849807 1
-1.181848920962189 -1.3183596938285789 0
1.0258282092035207 1.4977835988580643 0
0.8598563513047303 0.18453086165108457 1
-0.603638399622613 -1.604554433896377 0
-1.391565785080656 1.093879763781517 0
-0.04702568191940388 -0.8642409441385674 1
0.8751850265111984 0.49368821311523675 1
0.39774137753652394 -0.7768338132281994 1
0.33175432626522233 0.698518544191845 1
1.42211723071011 -1.1869447365560195 0
1.8251737417998228 0.42757644879917595 0
-0.8358869737373563 0.24732948212966796 1
-0.7530204095964877 0.3158789753093966 1
-1.815067661336077 -0.01801969071649131 0
-1.780970887602085 0.10501545068327459 0
0.48229058143906894 0.7131388514519276 1
1.709460986845895 0.7830983921761219 0
0.9542596699716963 1.536921468338349 0
-0.7092373311672844 1.6176018901994973 0
-0.9285186255649284 -1.4922727329063323 0
-0.49632966418356633 -0.7053942168339045 1
1.6796444563910786 -0.6239206508788431 0
-0.48433720610138936 0.8140241540976464 1
0.2697716801336335 1.8178505480746068 0
-0.3766117965526489 0.7368864146129506 1
0.12023817758197487 -1.7798960778749893 0
-0.0035863179486976256 0.8986671461061679 1
0.22387316147905345 0.7980203771849358 1
0.6148067410503826 1.6077228745052243 0
1.3627986159953027 -1.0680366352951827 0
-0.32858305247976227 0.8446143792949798 1
-0.6122872794157875 -0.6859725540670004 1
-0.22089631967442283 -0.858217560109129 1
0.38229383212669954 -1.796081379121476 0
0.5203757814521351 0.7002362694555184 1
0.7648499528812298 -0.07573789399004367 1
1.1419817005882524 -1.3579661359653123 0
-1.5930545928516584 0.7216379754545451 0
-0.876812609650392 1.4760992189569775 0
-0.9855505392124647 1.572043662860868 0
-1.7357331143286545 0.1989689748202465 0
-1.2264094614022238 1.194390928072372 0
-0.5760686827645889 0.7150118842442763 1
-0.617954970720405 -0.5925788233733538 1
-0.7310589351342883 -1.7088614041101677 0
-0.964917316685342 0.0014428047330337025 1
1.3689865372834529 -0.9428909973977673 0
-0.21394056534889627 0.9156447391785554 1
-0.49158840153521144 -0.7153938361356568 1
-0.6354619922818878 1.7401026853838713 0
1.7964602182329226 -0.22661031431652692 0
0.3365281821942196 0.8369054882727148 1
0.8969262104614204 -0.1212074133379454 1
0.03787661720496936 1.71445246983139 0
1.3252428399363092 1.271787898120304 0
0.43670166515077147 -0.7936713212886931 1
0.9944588161362699 0.21866219890352007 1
-1.766419952875387 0.5980303222084059 0
-1.6219959996144593 -0.43232521190816126 0
-0.8267286810896788 1.5711176542444494 0
-0.7145247857904776 -0.6526912780328776 1
0.03199972026206836 0.8604333667351995 1
-0.5335152453764039 0.666440762038416 1
-1.1154019454158157 1.4655684867442413 0
0.7521326246599048 -0.5428221335238606 1
0.8606205214139376 -1.5203322226412497 0
0.5247095651640663 1.7092316650744794 0
-0.9333141892121773 0.10425263919516052 1
-0.5797344895523583 0.6212416650733535 1
-1.7454444871035348 0.4102074798627845 0
-0.7489221286114555 -1.5389616747036292 0
0.0005117019768693651 0.8507966421729827 1
-0.7492326030693001 0.5256599383668551 1
0.04709622937906711 -0.8907242198433961 1
1.7015853828698506 -0.3862156890884685 0
0.4708609055843966 -0.6761925181309948 1
-1.6596180095095434 0.6044200173267914 0
0.3304243469398099 -1.7325628983317418 0
0.36416506007439386 -0.8099754631785906 1
1.0718751508869828 -1.498758047055974 0
-1.283189990690365 -1.1508932868528705 0
-0.8390057156582857 -0.27332034629782076 1
0.15687758600208662 -0.8894481489462734 1
1.709655232079998 0.2363817400571121 0
1.861636985478013 -0.2439765655866671 0
-1.759253900746439 0.14073140823698438 0
0.283651415480867 -0.8012434902744836 1
1.7759910904415714 0.11305809537272629 0
0.097572952394595 0.8672658818377698 1
0.7800238663262322 0.34245637660012257 1
0.4846528254926479 -1.7835166757034915 0
-0.7979036797987296 0.3489237801281145 1
-0.1495790146828962 -0.8474020754439505 1
-0.7157801780332896 0.5536565908395351 1
0.4099843178921645 1.6858004495566468 0
-1.411665860321123 -1.1417331351145321 0
0.6972129271311667 0.5701510429370159 1
-0.8260321872173025 0.2714847362080089 1
-1.5453790192650079 0.9026697614479983 0
-1.3808060906484372 -1.0777178610611269 0
1.403591086786807 1.0485842279869373 0
0.8007525013889815 1.6051542660948492 0
-0.4809335182430772 -1.6428443281378229 0
-0.012764931087034003 0.9428359565775496 1
1.6629684682262293 -0.8334908827741467 0
1.794529154006615 0.545344076513116 0
-0.009186577175884465 -1.8069567745282467 0
0.673733107907089 0.48656012608096116 1
1.3379909994046821 -1.3194167592221826 0
-1.6292675466035225 0.7412862349968002 0
-1.006470491183907 0.14352273726111425 1
0.872104261046718 0.03132030176307928 1
0.19807790111303764 0.8981819285559625 1
-0.6854861597525854 -0.5437201048114938 1
0.8440206238715177 -0.5712936746815465 1
-0.6091519245735058 0.6794277050984981 1
-1.5587825467633096 0.9620326632458903 0
-0.12199360374433832 0.915453832473997 1
-1.416428235489676 1.262048007186145 0
-0.3380138876319851 -1.7129493993405627 0
-0.43728942424259964 0.8715667331872804 1
0.02977741351716183 -1.7538072926688286 0
-0.03832938648573148 0.941097020571359 1
-1.182436935451213 1.34084145100509 0
-0.9040070257673709 0.27747791941203187 1
0.6652211156988198 -1.6937703138179154 0
-1.3227194371049364 1.148852649914248 0
0.6326529717640297 0.763099720399399 1
0.6427224297816776 -1.562077130463788 0
0.8512968463414233 0.28413538298245816 1
-0.31941928422966287 0.8074821242802248 1
1.3073114288836518 -1.215512069114221 0
-0.25893496548206085 1.8325209034476302 0
-1.7563757179816255 0.41122863235158424 0
-0.9851003978305427 1.4481070791538457 0
1.0759670815698843 -1.4420715576349112 0
0.657946969778673 0.5695451965494573 1
0.7372663849512059 -0.3961795168637528 1
-0.7271628912903286 -0.15544775274727382 1
-0.007965050706449255 0.9040701513060911 1
0.6681525526314631 1.631950639417848 0
-0.7723409061578699 -0.3968799157041018 1
1.7496033097204144 -0.03670393784212379 0
1.1358314085054337 1.4648126499325953 0
0.8714112956196972 1.5554555039532025 0
0.27262989657010567 0.9346700944415333 1
1.7452415088128397 -0.13789774025264304 0
0.39673875930301883 -1.6777076663773824 0
1.8657488271273073 -0.48951200525661254 0
-0.698589011801172 -0.4723022505650961 1
0.9038280610659202 0.17771560428259794 1
0.3302281762799867 1.7753066428193653 0
-0.8587679905221797 0.4557757515757645 1
-0.15295479396948597 0.9457627693958276 1
-1.6341889498905429 0.5947918776381148 0
-1.0410239516280344 -1.4504317964535884 0
0.5354217624190202 1.7110995988809814 0
-0.80257606684791 0.465484728268624 1
1.710025907009337 -0.6238737688428893 0
-1.669691560143021 0.7736248547084948 0
-0.1756328355401607 1.7393117977058041 0
-1.795008702761986 0.09675133825760952 0
0.8098540544957511 -0.3079163312573756 1
0.16940139920098446 -0.8835978651127201 1
0.06704347999843897 0.8851989921041724 1
-0.6648337302254613 -0.669779319158179 1
-0.22357085365823448 -1.7124728568289649 0
-0.6117061675705842 -0.7403563010267296 1
1.6664189919530579 0.5974275038494226 0
-0.1769828240219994 0.9293941449411018 1
0.9715122796337586 -1.448100765801976 0
0.31558766228412377 -0.8507418462920819 1
0.36975381726881645 -0.7659371871122636 1
1.8096539965230884 -0.011890113304690284 0
-0.1926127223736152 1.8361046194696 0
-0.43051682222149584 -1.7025116731760368 0
0.019441285280154267 -0.8890668303999416 1
-0.9667074304983111 -0.14222356635103536 1
-0.4391557534779454 -0.6996638975181695 1
0.5850551379155086 0.6060365956456665 1
0.26169653048410463 -0.9354468690286843 1
-1.5263171220639171 0.6322019691440051 0
-0.6405091525865593 -0.640959204133051 1
-0.08315284036264245 -1.7085351663985042 0
-0.6145005280494782 0.6707423761277457 1
-0.7950709098216211 -1.612784946654138 0
0.9801687057635934 -1.5264179410124077 0
-0.3962554771541322 -0.7187468596929865 1
0.7984995002742332 -0.5137517273960241 1
1.4929315267741292 -0.9606880869871909 0
1.2386010115391217 1.2140859261649717 0
-0.8814522890563786 -0.08122715367816578 1
-0.34108122463577306 -1.859429798944483 0
-1.7871537435432299 0.20370921520692503 0
0.36548441031845896 1.8232599150182722 0
-0.2462721362437314 0.8009441571215485 1
0.8457111416393619 0.3456406786423157 1
0.023290593973437395 1.7400546855251555 0
-1.7818023647427856 -0.2708257246188438 0
-0.9530461775861662 0.11160649104710046 1
-0.7961836892095407 -0.10477382944788631 1
-0.20799345343830644 1.8449190737808314 0
1.7960161657525917 0.10304767595547316 0
0.8985193480873818 -0.034677499203669346 1
-0.45190277192037254 -0.7090236834720488 1
-0.8697028750679142 -0.09723120626408638 1
-0.36074867087740325 -0.9797156635403312 1
0.6523462854860598 -1.7304824054471268 0
-0.6715437954875164 0.576363068233565 1
-0.496788900156937 -1.7284099451198913 0
-0.6239102814934022 1.756117804131907 0
0.5766831581784897 0.7088010209024224 1
0.8309437595160893 0.4294409438686515 1
-0.6680283710131532 -1.7037016284831754 0
0.21185817796717346 -0.8734712698553967 1
0.9144022088676697 0.04627738395828183 1
-0.44079811665286317 -0.6926946544099841 1
1.4208233491885245 1.2677874962938738 0
0.5833525687913623 -1.6984159719205774 0
0.5336070865952682 0.624771953666881 1
1.7777614674120128 -0.681807842489277 0
1.5863192698164388 -0.660649154793327 0
-0.2445626937937794 0.8528977426195868 1
-0.49133052405680994 0.7460525151906574 1
0.9136125761120056 -0.04709122953861443 1
0.16042505178649166 -0.9404111503410512 1
-0.23138276594578866 0.8663522838100878 1
0.5493963281893621 -0.7382790212313796 1
-1.5030256010955385 -1.068218024227223 0
-0.4983731737731142 0.7241406517247931 1
-0.46143273797343254 0.8450786913410623 1
0.5898448250803305 0.7414261281558819 1
-0.9214466392742218 1.4761832908177313 0
-0.7852993103706433 -1.5440249153836723 0
1.2788445901045684 1.0848345872781386 0
-0.5024331822644765 -0.5991564902546014 1
0.6303255622238051 -0.6419417010856059 1
1.802075206747468 -0.22046359025259432 0
-0.8155661482367486 -0.4081358086866348 1
1.4532798518707133 -1.0728601767488832 0
-0.7803702192645666 0.5309555019064512 1
1.2475865248527436 -1.1744022642083565 0
0.6624397016430463 0.6845822002416956 1
-0.9317056796597888 0.3978217650168935 1
0.20464164513542124 -0.9130937787927066 1
-1.6246728930479175 0.6860862325131526 0
-0.5723539632375432 0.7991508093292478 1
0.36622058703689453 0.7580215583311966 1
-1.6241964312247847 -0.6641386396846156 0
-0.6405425176394557 -1.7735631398423917 0
-0.6152550228171223 0.6695802898539026 1
1.7216920483051847 0.1390882198716912 0
0.8476725650354083 -0.12199124604773509 1
1.52654989034572 -0.8223571128619044 0
-0.9054363784594421 -0.31615933151872155 1
-0.5416138550156883 0.6311924134203865 1
0.08616930361190642 -0.9466324356972214 1
0.8146514746256425 0.20519902027879108 1
0.5729421865554748 0.7326839835386681 1
-0.822280900600276 -0.40379618965698977 1
0.19406081007984383 -0.8933964057932412 1
0.8174870817937788 0.3735263095843048 1
0.3130441835351898 -0.8912322007691807 1
-1.725546211984975 -0.5744721313811925 0
-1.5801377845273927 -0.720769434863085 0
1.7471484865380433 -0.7991319603893438 0
1.0615789634469366 -1.4362616310081668 0
-1.573095331277519 -0.6355442660771401 0
0.11126556978732909 1.6843637911197895 0
0.3295041380985777 0.809669991599528 1
0.8932808278426896 -0.24569923130201754 1
1.7097787980689603 0.22627183932500072 0
-0.3197696134418371 0.8507830891426235 1
1.4973156694333674 -0.8844874349526621 0
0.39399907593400885 0.7561865780636202 1
0.8333937811911319 -0.4222552601728923 1
-0.7437076107192632 1.7067208853936078 0
0.9419120658498068 -0.26846699983188227 1
0.7960014174749728 -0.2842584758549639 1
-0.7686086900747074 0.42202473054063827 1
-0.881170597692725 0.0867413034987181 1
-1.393866642813852 1.1979908227430616 0
-1.291225776446772 1.201160562884283 0
-0.043944527488561196 0.9795916870615464 1
0.7831307785463891 0.39067530290168173 1
0.046596678564392646 -0.9739590513366024 1
-0.8407840305483152 1.5218434693611844 0
0.44960662576254634 1.6635968361736382 0
1.7587801330145645 0.4092994085372054 0
0.4525240627042091 0.7703253444658904 1
0.5238440974883302 -0.8270268597460183 1
-0.7134985404456154 0.530270112391949 1
0.7470449924088776 0.4071986025098606 1
-0.9102645782458466 -1.526274560947103 0
1.6641625479390525 -0.42376028520350895 0
1.8012843469518565 -0.054763774129567976 0
0.8781402592216295 -0.3655585156087865 1
0.6551598946524733 -1.6540328140220322 0
-0.8364365699944019 0.07711085263994615 1
0.6708603454262301 1.6088795778296943 0
1.1293239677912097 -1.3365059199090927 0
0.8178250591507175 1.5767080484798863 0
-0.3157659715002023 -0.8036912098033001 1
0.41560967440984636 -0.795921695294792 1
-0.3348602567524625 0.8193411966337577 1
0.9083426380547385 -1.5874282529633283 0
-0.41510951271788177 0.7032457856917238 1
0.886702191695979 -0.2091485389479264 1
-0.9052363014505385 -0.2769609134926788 1
-0.8221383149634827 0.24865885285258363 1
0.4060018893329184 -0.8252830602036967 1
-0.6382777538213719 -0.5613105910956314 1
-1.0758611610686657 -1.4150954095657486 0
0.6885746158564889 0.6032823513821043 1
-0.4651451179476047 -1.6659166538739605 0
1.1881850392710787 1.441257120078201 0
0.8518505210436773 0.17928452569795433 1
0.9184953933152745 0.14596792374106016 1
-0.8503344332830237 -1.5986532900137178 0
-1.6717341380061068 0.5875029879789815 0
0.5737042522276392 -0.732096124559253 1
-0.5142188909602342 1.702415238521024 0
-1.544912700506497 -0.8862939508289065 0
1.6151606391409636 0.7716521115583237 0
0.2532659034661459 1.71298584949076 0
0.8918808297633103 0.06737237028143515 1
-0.6602417879989739 -0.679431431456129 1
0.8840700607252832 -0.30706843622188695 1
-1.1183301217671138 1.4224236041464686 0
-1.0119350710501873 1.5931818989018567 0
-0.6336510413081554 -1.6422098793729396 0
-0.036029878542953864 -1.812165503899185 0
-0.8397725577281919 -0.23075935595281497 1
0.042969511110449075 -0.9126869135903148 1
0.08042406283554365 -0.8270107141012293 1
-0.8040592602704696 -0.2761617887891674 1
-1.3450473221165973 1.2447555307165026 0
-0.30343875102891676 1.7835570864699186 0
1.4279389863976433 -1.1044495320437842 0
-0.38737933815893094 -0.8522884141187093 1
-1.7980486883873221 -0.18504076492209479 0
0.018443088849375712 -0.9310435897409624 1
-1.583056351789031 -0.9322103096490579 0
0.6363387712266856 -0.5832173984756491 1
0.7180053763957762 -0.36286322802152854 1
-1.8020959904401561 0.4929041164134331 0
-0.264062775703768 0.9256846875391986 1
1.7340848514599905 0.7790824718443117 0
0.7109702601923195 1.7552353042127606 0
1.5472094371596545 0.890153223020136 0
-0.6836202368914477 -1.5100273578760557 0
1.2397709817845204 1.1546264218257811 0
0.8434807486756556 -0.5400641400706152 1
-1.4826046021793435 1.1290449470397899 0
1.0380657455739677 -1.3167769616371952 0
-0.9385158598129935 0.03273862075039588 1
0.47035363058228274 -1.725385929820268 0
-0.8727609469496495 0.24173892394502816 1
-1.5194165006200304 -0.944067757510586 0
1.083582228616334 1.4516318537547137 0
0.34715317023024694 -1.8091564637725273 0
0.7605037123370114 0.41837411035928096 1
0.5247343654154247 0.6948647518964501 1
0.7108163262465852 0.4355108307925197 1
-0.23463786121765717 -0.8568889065142546 1
-0.5085640388173484 -0.8832476061754115 1
-0.28312487679491616 -0.8932432439358174 1
-0.4248427548212283 0.6809628865315471 1
-1.6456927265375147 0.7974179914968705 0
0.8331290748829943 0.3615772194591548 1
-0.5314067897908707 -0.7657690520055381 1
-0.043690948467827416 0.8398779273922112 1
-0.4121589026043589 0.8081875359319045 1
-0.5215435540134061 -0.7346854733629381 1
0.9307927992351299 -1.535241224237172 0
-0.6443118303844756 0.5992007181746082 1
-0.25814145129997995 1.7713258113891226 0
-1.5392419499064263 0.8440787839446514 0
0.15453146791700217 0.8910550967522171 1
-0.37478830125492674 -0.8650145116849842 1
-0.4423376354595101 -0.8223957949714465 1
-0.11154652050394402 -0.9486544228543579 1
-0.8109619124579736 0.24881477820878298 1
0.8122406014766913 -0.3244153510678383 1
-0.7123374920904619 0.49858590716415346 1
-0.8552789231402597 0.24796220131241994 1
0.5207829354432398 -0.841104456087469 1
-0.9234569905162172 0.40851174285467884 1
-1.7532467418376623 0.37158866802487495 0
1.312831934797073 1.3185053680784804 0
1.804562003029627 0.5686101336554841 0
0.14548845666724275 -1.7462596085156514 0
-1.679357134678357 0.7502915928048346 0
-0.8844770761319546 0.14296157950199806 1
-0.08821739405939016 1.8059354277072646 0
-0.5806023984925884 -1.6375246669213677 0
0.22295292187316343 1.7484486700385609 0
-0.9453612582502338 1.6378442780049782 0
-1.5977609968793176 0.8459353138020799 0
1.2046630290775089 -1.3729654173879693 0
0.7352110536327819 0.4933284945722619 1
-1.6799716795923318 -0.4913715720559906 0
0.7814778958947316 -0.30136935517279345 1
0.3597355530469369 0.8181817503390942 1
-0.68845192186894 -0.5241728375284712 1
0.696547363254081 -0.6790527517780067 1
0.91188909935374 0.38556879012657075 1
-1.4200130037879928 -0.9033410477734176 0
1.5974215066695623 -0.6929142391760815 0
-1.0019548629660442 -1.4819337401910364 0
0.0757955377150627 1.8161497306745193 0
0.824989407290429 -0.0010987824772493585 1
0.9087633869566855 0.08023371335022529 1
-1.7091989929544251 0.4333846156108952 0
-0.48006593113263113 0.6422673315803403 1
0.3486568045251786 0.8747952545310099 1
1.3148415542717753 -1.1362564298858169 0
0.16212030389739554 1.7417225288912148 0
1.6641353183877834 -0.8062592061614049 0
1.8863076949417723 0.5851462157079282 0
0.39897275323930703 1.7718207616308412 0
-0.5799878337843476 1.6516791885115392 0
-0.6362821295745091 1.704383223459295 0
0.7646135926515935 0.34626772781359577 1
-0.7110110345731089 0.6011320883040253 1
0.054148104094276006 0.8405176769335999 1
1.5804273847128012 -0.8373618754077838 0
0.30042131242643055 0.7899084249015008 1
-0.2942638490833384 1.7336985735121646 0
-0.9276993174692978 -0.02472860661021324 1
-1.7042008106444009 -0.14942075000920843 0
0.8166629332971633 -0.4134156049879835 1
-1.0698161397400847 -1.3628612030290141 0
0.22467191489853267 -0.9097816639361924 1
-1.8671873532434666 0.09896242619956325 0
1.4781870166243152 -1.0708434856130642 0
0.6887112311961663 -1.6548266229219382 0
0.2420830792489513 0.8810574958804916 1
1.7139370322096865 0.3920409079421984 0
-1.0260883324287657 -1.466744824411117 0
-1.4712971442423215 -1.0725215895973115 0
-1.6950039673310426 -0.5624189778821566 0
-1.7113859481830984 0.5887834476731334 0
0.6937588392313799 1.6414932517505425 0
0.8358382377125623 0.2443501375771108 1
-0.4477414060921654 -0.8154072177218996 1
-0.1409765206963716 0.8679487245835221 1
-1.736504777481586 -0.6107838964442125 0
-1.5719864727054744 -0.6688006229522346 0
0.4108988753088492 0.6668866609787626 1
0.6196153033462063 -0.6361991817842322 1
1.347646908696224 -1.1445498226828263 0
-1.1901105371959946 1.3615608648427564 0
-0.03593736662230599 -1.8396593147396414 0
-0.07295793570866503 -0.8528836709059643 1
0.8506359054553663 -0.20204064832589239 1
-1.688631768377428 -0.5296667034529176 0
-0.7977764624774086 -0.5419724943257519 1
0.6263325228303834 -0.6287509603271327 1
-1.1714902502387505 1.4328237732308349 0
1.6471132731638585 0.6702118457153308 0
0.9579572217630948 1.5734531107912488 0
-1.3583184432165694 -1.0818642346491452 0
-0.8974214984840116 -0.21729733336489587 1
1.803111092636517 0.23049263581539908 0
1.5069133057826958 0.8190761107023112 0
0.9205663571216965 1.5978383846937345 0
-0.8474384857857536 -0.31201544427285266 1
1.6292575065145052 0.8203220671804252 0
0.831593894148297 -0.19428904636102642 1
1.1952483657338755 1.104866042053713 0
1.5992210369588222 0.8812278892578226 0
-0.8012825382307186 -0.36870814236529365 1
0.7227277124432777 -1.5464673716876363 0
0.5735728578608125 0.6285144510944386 1
-1.6262055000476332 0.9064853493978478 0
-0.45726736704084475 1.6547007560218112 0
-0.9194896169032282 0.0751316957368114 1
0.3487813505479769 0.7849899061542568 1
0.06921829718691005 1.7694443444142274 0
-0.9504056001340655 0.20350760641685975 1
0.5493058329754863 0.635161179383668 1
0.6257280682857237 1.631785775262751 0
0.0338765032858305 -1.8276239791222944 0
-0.07492257940933152 1.7505415040865737 0
-0.7502387374723425 0.598478934781427 1
1.7459963417380373 0.5695162518522402 0
-0.04725742790935248 -0.8319011870644246 1
0.679332551410613 0.6113184179153429 1
-0.11830156924646847 -1.7305884193750758 0
0.8754896457011115 0.2154533251912249 1
0.1462318798354446 -1.6817818053719074 0
-1.376644752060195 0.9680273847457979 0
-0.12639452686117789 -1.861826048252462 0
0.7301023566951543 0.47129822095516505 1
0.12854951786889435 0.884901838777595 1
0.28393134216729443 -1.8160991608258559 0
-0.2287270143176849 -0.9173476773390048 1
-0.650152270236826 -0.6182001218403986 1
-1.5685062569318275 -0.8663678200679669 0
-0.7064643253475256 0.6388825395672734 1
-1.7754133541531982 0.010099128080172718 0
0.10649229367039907 0.9330963013584426 1
-1.4160893846874765 1.1287181485810658 0
0.6690284686682737 1.6814417416513563 0
0.7568742329629218 -0.5253622978030354 1
0.6636851407242771 -0.5748044761944733 1
-0.9267553062254168 1.4585912781964494 0
0.4684580920106889 0.7814754629414287 1
-1.2952150707131156 -1.0629347671811242 0
0.7094486711453981 0.6765206448651131 1
-0.2542843213438136 -0.8036375664675378 1
-0.09631622493079738 -1.8395258529861833 0
-0.8067262764279131 0.3355209046827783 1
-0.6706349864206512 -0.5116359744193838 1
-1.6917516399795638 0.4849741228418551 0
-0.32383563986294 0.7764958199082338 1
-0.40073695240956125 1.7367772830147221 0
-0.30333060276469076 -0.7106179290225861 1
-1.1629805508709357 1.4380875670345865 0
-0.12794629972619803 -0.8753645649905004 1
-0.16086203541671176 1.8002597127341025 0
0.6731346106628384 -0.4740632650204747 1
1.4814806287398683 0.9788568089345313 0
-0.8247520617485231 -0.24913705913352274 1
-1.053152939993331 -1.3478122324390422 0
-1.440715466343309 0.8878992806738543 0
0.8997185956977587 1.5321804252284155 0
-0.03953614163082101 0.8182452390052016 1
0.6711308490553709 0.5304413886814239 1
0.27793813879825735 0.8835408681500304 1
0.420983124034178 -1.7941005113521233 0
0.2892943823797087 -0.9016286578774154 1
0.7207679504849872 1.5760697768951257 0
0.8944673997312003 1.661474120455417 0
1.086107256407918 -1.3470199568411036 0
-0.7478457841480917 -0.34509817258487957 1
0.10675269559873042 1.858819906643242 0
-0.06179849663762566 -0.8365578919644859 1
-1.4952113788869725 -0.830772960276688 0
1.4046203379444642 1.1739448872235962 0
-1.1821466014857163 -1.3704334628156187 0
-1.8149540159237316 -0.15923253300254783 0
0.19405884952953945 -0.9442852881020957 1
0.7398219125079182 -0.5792847085602326 1
1.3667903941228796 -1.2764072075064192 0
1.5691721942931038 0.9265760818415 0
0.12037160688904978 0.9721982132328776 1
0.25727732388195085 -1.7246963872604932 0
-0.8193501163479927 -1.575770604778508 0
-1.772281828230107 -0.5323897830817438 0
-0.898986492231846 -0.07023774641537488 1
1.7185755438096724 -0.2449788011326047 0
0.5838907748915202 0.48505367885965445 1
0.3129845320733471 -0.8140586418020489 1
1.3153636106484865 1.2164925652055985 0
0.573140967824767 -0.6084287814807215 1
0.6153880494041183 -0.7412015656107304 1
-0.011123936619966369 1.686400386411443 0
-0.5338309632794296 -0.5366708255154105 1
1.638775498296861 0.600333753804131 0
-1.2530153121447385 1.3517991345099383 0
0.0756019055207979 -0.9516746477261696 1
1.660549381450966 -0.9285302993251986 0
0.9583626075781427 0.11074365762140978 1
-0.5821037993151054 0.6299159075736352 1
-0.5701377122728162 1.638856080093447 0
-1.7880081158651457 0.12183002770120391 0
-0.7405791806095969 0.43363511441712765 1
0.7812014752458813 0.3685529484421388 1
0.8528481594912863 0.4792803342832808 1
-0.24225452824553692 0.8256906111616463 1
-0.7114298295594501 0.49839491657046886 1
-1.8099672513200957 -0.3661989486615382 0
-1.612937116810598 -0.8710116437679943 0
1.0466678755100127 -1.4357524304807339 0
0.37661552686369026 -0.7892533273930553 1
-0.4984575556182756 1.5980640126446684 0
-0.4110547253772793 0.797107163417824 1
-0.718167138933374 -0.5018750827850065 1
0.8414324804651445 -0.3335888415583322 1
-1.1035494641736974 1.3645517673469907 0
0.6367945598295457 1.8222526003754818 0
-0.2534735572391924 -0.8756878784231242 1
1.3948312179703122 -1.0336472466339852 0
1.1641281208564083 -1.313569732203051 0
-0.23487816780960025 -0.8669260384797715 1
-0.8040092689161582 0.48801338444480774 1
-0.783909341987508 -0.06964654355872535 1
0.16553629849987744 1.830208683964977 0
0.4280458597990827 -0.819317676121696 1
-0.8792224493285391 -0.31030236781469456 1
1.1724693229808236 1.3012481688824367 0
-0.37652651825875505 -0.9244005052498264 1
0.8079757516251441 0.3883839726698926 1
-0.6001799631163058 0.8485012861415748 1
-0.36999055320971574 -0.8592514934196832 1
0.8231525502980741 -0.251682430759732 1
-1.0324047670546508 1.4577877933853756 0
0.8763237335134744 1.5839194702798396 0
0.8426830493105218 0.5808829403949324 1
1.737855517195571 -0.4298173857225449 0
-0.6691796084955137 0.4853695974133176 1
-1.2203786764068383 -1.2416089708843954 0
0.5290951763111537 -1.7331131914834235 0
0.24084710716378524 0.7858082782095327 1
1.645069603259182 -0.7057895130152642 0
1.1002618893301075 1.4049344294315207 0
0.29420418179211855 0.8995585237881071 1
-0.7517928815835966 -0.5717297286280186 1
-0.9763575143470267 0.007912355324940598 1
-1.66927769233339 -0.6676646558092935 0
-0.8605410082868403 0.2477331216313353 1
1.8079015776254808 0.15758675192175164 0
-0.396444799031186 -1.7414092742108669 0
-0.7732092964788293 0.3841197860911114 1
-0.9674728273867357 -0.058398078317008106 1
-0.4117238399418239 -0.6626845128521289 1
-1.3554912125894023 1.2027865429351103 0
-0.03150872244596996 0.7827431358121393 1
0.6896218122706748 0.5838414156113625 1
-0.6343456703891023 0.6281437219829967 1
