-1.2244723257967012 -1.264774891229692 0
1.713211763034579 0.260038617455417 0
0.9461189946720236 -0.008755912650405342 1
1.5803497735946122 0.7160367876846606 0
0.7300384856618513 -0.5583858997476747 1
-0.9209458716861172 -0.26953943455702756 1
1.715402490666273 -0.15216251231015038 0
0.24546188634176658 1.75506382843564 0
-1.065157806326292 1.3948608732052385 0
0.7286064691256255 -0.5163189959598461 1
0.35138424924133826 -0.8083746598730058 1
-0.3985961050824273 -0.7458715052073721 1
0.20201926062341477 -0.9008249668740289 1
-0.10942287665536754 1.7274866963616422 0
1.7316741616006752 -0.3642230838286501 0
1.3848131238416388 -1.0919776522750666 0
-0.06097288493711867 -0.9278624554383073 1
0.7439955468175883 -0.6004128116609417 1
-1.8161756198475354 0.2332733944603288 0
-0.424506518856372 0.7211567955176614 1
0.10973296925119629 1.7771003034692223 0
1.1644913521826 -1.4192443989345302 0
1.3672687066434892 1.1303376647371717 0
-1.5547915443993958 -0.883649736219417 0
-0.9160032198524233 0.09317076506006171 1
0.7077666628279556 0.4559988199661238 1
-0.8719738367491476 -0.13822586858548105 1
-0.36142688568121184 -1.685373257104797 0
0.1758496761394954 0.9153868046464534 1
-0.3062635297621105 -0.7726392003117536 1
0.5800828770265414 -0.581105038312359 1
-1.5401023858709981 0.8848994049974814 0
-0.916026712521147 -0.04050102903598417 1
0.26229257503452996 0.9078478843529049 1
-0.8191537557805932 0.08604210422199388 1
0.528697377295736 -0.7264649246273021 1
-1.1089659282048165 -1.271606149798486 0
0.23408846254856489 -1.7480590984804814 0
-1.2889045254045852 -1.2229220266652854 0
-1.5238407309543254 0.7475937243279563 0
-0.7523616869778602 -0.5412955886180257 1
0.544129961718521 -0.7995813855369467 1
0.9278285497837847 0.013467323129053342 1
1.33420472845354 -1.1730958141091052 0
-1.107793317678094 1.384523657043907 0
-0.6786200490572982 -1.6198469237515123 0
-0.8399192444277567 0.3071502403039628 1
1.6811458804405408 -0.6163250167508765 0
0.5148590618777044 0.6292866822645676 1
-0.647154235822971 -0.6768010827970224 1
0.88566296742245 0.3949359675132359 1
-0.8228411889563165 -0.3854128984402297 1
0.16730149283325793 -1.7247005608019543 0
0.14867955346479597 -0.7575017804241392 1
-0.32966480553534466 -1.6581612572993027 0
-0.02826657818679517 -0.9523319080057485 1
1.6612334001284588 -0.5851977117802403 0
-0.8003027472291672 -1.5923379358403342 0
0.845648331073535 0.026924996510701404 1
-0.8947338400198102 0.15854312922950115 1
-1.3146727613111582 -1.2001148267196295 0
1.5328367544128245 0.9719663594421712 0
-0.7885531954636325 0.43651487703340935 1
-0.5654512515675819 1.7251560739119414 0
0.0899588960506188 0.8555536929324599 1
0.02165768808196944 0.9114089837495502 1
-0.6243863277945123 -1.7457198407652768 0
-0.5678780283941672 -0.7594268333313264 1
-1.3664157695939683 -1.1378258918440587 0
-0.9412403981535888 0.13724378428144166 1
1.6893557859446708 0.20229293039432816 0
-1.6091711821098822 -1.0377715873902196 0
0.7704981482994067 0.24584872232954488 1
-0.7475359531790807 0.4985607319602618 1
0.7212841625135259 1.5977404361745178 0
-0.1127578480738936 -1.7438180712375262 0
0.09950820095563252 0.8784884120897302 1
-0.2781217612310056 1.8123791032300764 0
0.5273350721711295 1.6803255823128298 0
0.36218298568670154 -0.7347474416231912 1
0.7889578928804639 -0.3534429843761099 1
-1.6702932040455354 -0.6060101245807539 0
-1.0925439918329307 -1.3296000405298831 0
-1.2920625574573767 -1.3213778313240465 0
0.6151369083549107 0.6543864478771335 1
-0.8334565645721846 1.4777501468536745 0
0.6543077369418003 -0.48225296633788084 1
-0.9761866823379429 -1.4947536143126372 0
-0.014731630711414645 -1.7831202057963171 0
-1.767108113422724 0.14078312198047307 0
0.3478346597016813 -1.7620934421483467 0
0.06617501593899498 -1.7817423043249279 0
-1.2002766420853144 1.1584966276090825 0
1.7537916962889164 0.3258329055599603 0
-0.6828360200227843 -0.442202356728554 1
-0.15276919115485313 -0.9533818114542322 1
1.4962500693484015 -1.1234281840246763 0
-0.6115681091680205 1.6646378130884347 0
1.7485471070208454 0.48608265920999744 0
0.13369384895559785 0.9243153850892485 1
-0.7539788123616862 0.32914849815600605 1
0.2713740330862865 -0.8824160360582339 1
0.9649477071099709 1.5482970133861471 0
0.07146725536286135 0.8926635113522607 1
-0.9628249495343133 0.12548936866576102 1
0.21024782768135142 0.9562832729473525 1
-1.719265500371834 0.5163868437156423 0
-1.3830872004236243 -0.962117471129222 0
0.4708112875727236 -1.712076176198985 0
-0.8930409187577469 0.29177928002907483 1
-0.038379314861478005 1.8293643109569335 0
1.7468408584939208 0.11833457974378465 0
1.6384884466010163 0.7166815045388824 0
1.271121175473881 1.1138747832126275 0
-0.25981308044627544 -0.8707310810861031 1
0.239977338082484 0.8271967761266993 1
1.659057467601508 0.454793512733468 0
-0.35199185559780377 -0.7348119932153658 1
0.7854648721118913 0.44872097788279497 1
-0.23821167873076457 -1.7888089704877947 0
1.5602854339349348 0.7679288540052771 0
1.6611119731383641 -0.7705247864372681 0
-1.222883029459585 -1.2728949629708548 0
-0.5757197663946975 -1.6745933638385326 0
-1.053268312795727 -1.524264505733806 0
-0.3009118381373773 0.8806586050230483 1
-1.6592819305301165 -0.6914394088142272 0
-1.8125900081635016 -0.2785591112341061 0
0.504950432182152 -0.6719086048105765 1
-0.05885571400166864 0.90364454100831 1
0.9946421005890983 0.23664651022565772 1
0.27729102167418546 0.8413544829165737 1
-0.25665185097776166 1.7776010224370475 0
-0.29527891064820544 -0.8674569323524812 1
1.4582931419906118 -0.9979448230079974 0
-1.550997889077179 1.005934524469024 0
0.4357267056767781 1.7428769783629214 0
-1.3926920559605789 1.1189454223135722 0
-0.9360402262923928 0.35197818823419985 1
0.7538272622863338 -1.5763920698041225 0
-1.6214321062411372 0.7452629505314279 0
0.9728181848542119 -1.5042046811717011 0
0.3368807252653548 0.7924279274767395 1
0.8495369475166311 0.2578401108365161 1
-0.15195492764158955 1.753937253660771 0
-1.8912654828143496 -0.03383790345700137 0
0.15634862578956163 -1.658816526116415 0
-1.6702909274549933 0.670566084602962 0
0.7386133402002143 -0.3567143268065146 1
1.7603235757549245 0.09429772613393433 0
-1.4931549370146073 1.1344993053269214 0
-0.8241705967202839 -0.4619844199701909 1
1.755366322137044 0.4001135732706447 0
0.15126638420723515 0.9050635449485049 1
0.9273328544610969 0.24762725438695474 1
-0.020160003301526626 0.8006764046932887 1
0.8519080511538969 -0.35651708056984693 1
-1.7768984825866883 0.16189616550355815 0
-0.06814123844295777 0.8615573189259491 1
1.6001052995068217 -0.831424361027045 0
-0.37554457753788306 -0.8393931673676375 1
1.540536664906661 -0.9028482183952954 0
-0.430875726820316 1.7621349072622419 0
-0.8101832597413321 -0.3619750695808499 1
0.45715808315398276 -0.7266633071333162 1
0.28743632474709235 0.7685426683664532 1
-0.9303902040869446 0.3180465825924662 1
0.7779760379536703 -0.48186965462765646 1
-1.5569704859941227 0.7108566757212531 0
1.754703616182562 0.3732308932039824 0
-1.565493821808453 -0.8675956651539638 0
0.8741773436400017 0.3273154057644118 1
0.7367791243463134 -0.36988994159194444 1
-0.11814370811968797 1.806838314739992 0
-0.3809227194775354 0.7557528044220366 1
-1.59698701065277 -0.8481326132429468 0
0.5206946516214125 1.555920348928977 0
-0.7627870966048047 -1.6923511487913014 0
0.5225504169321288 -0.7125999655967323 1
1.1787566338243158 -1.2690367043078006 0
-1.4764293474079169 1.0349430985200412 0
-0.5624340887459099 1.6003588866757819 0
1.7364904812567732 -0.5360059670221426 0
1.8669881181213177 -0.003176984315101156 0
0.6769918986388317 -1.6686833777326973 0
1.391720731578124 1.136878505562858 0
1.5014956295400266 -1.1227817349955826 0
1.2158945314206273 1.353002672640822 0
-1.6852429932567936 -0.70692147981052 0
0.7035981147865314 1.7219146781326817 0
-1.580057825435212 0.8797187299173885 0
-0.7449887377383225 -0.5134347594647857 1
-0.7191401432980038 0.4608271084593097 1
-1.3768127433172226 -1.1282700157420116 0
0.1255645513625386 -0.8066461500689939 1
-0.6331723995346065 1.6626801175424175 0
-0.8528786281415202 0.11465369706695365 1
1.3937587944111718 1.0499459442352777 0
-1.0328675049732166 1.4411565865300835 0
-1.5199158253384457 1.0674200064636588 0
-1.686922681738238 -0.4863457020982401 0
1.7235917185407212 0.32363425049413785 0
0.2834860134129998 0.8870944216126398 1
1.2162767728229855 1.2914851938768 0
-0.26258181025499744 0.7467609400946795 1
0.14782016843211188 1.7562446142422654 0
0.981248697240864 1.461681246491005 0
-1.3941748271547234 -1.0718113614858544 0
0.5140350000582056 -1.7011982316620489 0
-0.24350877325592687 0.888247198035079 1
0.9213014419085026 -0.021753657331257403 1
0.050987216761235306 -1.790564348547264 0
1.8539206319260604 0.05544029052753334 0
0.8937820584253089 -0.09600510527461711 1
-0.8111353251587937 -0.3176476934651216 1
-1.2919569903603942 -1.217237170410053 0
-0.48526987977035857 -0.7161162364439693 1
0.6396601143583108 0.5746611698567639 1
0.7130080978852829 -1.5903195134713881 0
-0.8409290748394123 0.22311665999344565 1
0.29151353645607647 0.887394845257899 1
0.534090214366707 1.732081825726723 0
1.71458842641556 -0.380694266350976 0
1.1174916166846254 -1.4394063591210207 0
-0.34682491147938255 -1.8347373269790876 0
-1.4667637053405906 -0.9002527066415088 0
0.894930743797632 -0.17373778143697124 1
-0.8070472903168715 -0.21234973465936888 1
-1.7493560472095953 -0.5063229874745363 0
1.044575656342564 1.3997267315212334 0
1.6718885883772288 -0.3540643498994285 0
0.15714454158110908 -0.8696553809250211 1
0.5632384951845368 -0.691138954286738 1
1.6340164428348014 -0.803599627367815 0
0.33621270950585347 -1.700310915202107 0
0.5665681541239259 0.7003404425263389 1
-0.8994871413141465 -0.1627572483974664 1
0.8605095986825657 -0.1924522328144907 1
-0.4952869320229472 1.8092996685753255 0
-0.8797857453521123 -0.09648536722792772 1
-0.21685589734318178 0.8637260943685829 1
1.6602713024353943 0.6640823230998618 0
-0.3936636258232817 0.7512066445474578 1
0.4180184769686634 -0.7530904362181619 1
1.5071693198285394 0.7591254742613479 0
-0.8511695957466371 -0.35457837387849944 1
0.011051979733012762 -0.8752785520124285 1
-0.49389714251196887 -1.712038123776223 0
-0.6092089523867829 0.5654337318660723 1
-1.2269445037050777 1.2532552339966365 0
0.6113522329629072 -0.43397815663770317 1
1.2765486024003267 -1.2619413771868389 0
-0.5550379901134607 1.5866217584817464 0
-0.24677908782707378 0.8045591708190671 1
-0.48509081039133145 0.8253466611904138 1
-0.3225924174053533 -0.8911227282189125 1
-0.40695999146461453 1.670025028874804 0
0.6563673926875062 -0.5802746085828497 1
1.8379865723528734 -0.398027948845669 0
-0.7486287661250509 0.505061632073572 1
-1.5916697197164715 -1.051719057036232 0
1.2590774537432055 -1.094104025783457 0
0.3592153638043731 0.8809537849326265 1
-1.5350938587460556 0.9783441169910113 0
-0.6545413701608891 -0.5051463657995215 1
0.7274740941202457 -1.5851458372745577 0
0.11515991780550591 -0.8918655029406657 1
-0.21187487582306885 0.8784567737119049 1
-1.7204739723333826 0.25586729714185763 0
-0.7707213563645402 -0.1354898332081513 1
0.6589853665532491 -0.6556982217338005 1
0.9748265626913919 -0.13394427282361732 1
0.7168939160202733 -0.3929569768205894 1
0.8562795383835102 -0.5391308148183515 1
-0.512083722863187 0.7275901930685498 1
-0.610880860443094 -1.7275934531188084 0
-0.9281690312653252 -0.17848308356845674 1
0.05341951522368388 1.7386470516894688 0
-1.4845863776355834 1.075912989434959 0
0.5707533813785375 -0.7303078487655992 1
0.35390233048399183 -0.7765006025993075 1
0.7674847638907208 -0.4007444008473848 1
0.4748081391438404 -0.8021954131717524 1
-0.33692339573294616 0.8012377341871522 1
-0.6245214240636371 0.6038871575476964 1
1.6303570318301714 -0.961933752160898 0
-0.40427676670909135 0.7435017634799329 1
-0.3189786798881446 -1.743609414058436 0
-0.8807063709420939 0.0018487006841663774 1
-1.760256029560556 0.502760328452166 0
-0.4644609710120744 -0.6791152640645138 1
1.7899464627045467 -0.11317340692107244 0
1.6261944966238957 0.7042001221209431 0
-0.02851995728572414 -1.8005568795211326 0
-0.9052442064718883 -0.005649305068968863 1
-0.44628483862565493 1.7786655162107512 0
-0.05269834173625234 0.8949324734101759 1
-0.3490054170222876 0.799566939556951 1
0.8491574497516543 -0.12843625072528614 1
-1.4240241312329425 -1.0520395908111384 0
0.853059070309592 -1.5567569516260795 0
1.2812633202309107 -1.2231736005534068 0
-1.6008673739050827 0.7873242527125116 0
0.6570314613649817 1.6334057811270397 0
0.9087776374341736 -1.535863893424932 0
-1.2108296311782072 -1.3844449139376553 0
1.731602629138363 0.6048105403043554 0
-0.7738837280199932 0.3961883052306852 1
-0.9192724144406942 0.18734869998033654 1
-1.8171862750422185 0.27435984654468454 0
0.8453626468086505 0.23480067917169625 1
-1.3358409296839622 -1.1702531155468399 0
0.5097355876954499 0.7978131356928809 1
1.55157606803045 -0.8849391260761934 0
-1.6140708483294826 -0.6780367266267553 0
-0.8083346193283673 -0.456965075452086 1
0.14894127319485853 0.8767074740100297 1
-0.7426459682350562 -0.4378642436843192 1
1.6482245117065508 0.8886661411770294 0
-0.6773339787246122 1.6394261926709752 0
-1.6031406206915124 0.6744172773140771 0
0.7100535357471892 0.5407162523341884 1
-0.8685929186884801 -0.41253219341788777 1
0.9441563898257982 -0.14029844152978668 1
1.6109659288060085 0.8510717409802511 0
-0.1136449713293396 0.8926932796127369 1
-0.14631912635485245 -1.809206770550447 0
-0.5048304729517646 -1.689929606681089 0
-0.7263324919906142 0.4664477256569801 1
-0.6055466213707505 0.47290464443504016 1
-1.8006964478452807 -0.07667343020888523 0
0.6780395098594376 0.5245681062191435 1
-0.6142958378263705 -0.4511158490155489 1
1.622684580485876 0.4696483766358375 0
-1.1653882896806207 1.4243510360464646 0
-0.33528411630327165 0.9194099690457034 1
0.7073883032749678 -0.5518485630388255 1
1.0627328700583691 1.510956421113546 0
0.35980618420293614 -0.7970193778831967 1
-0.9081548773627677 0.2632746448602426 1
-1.5167270396361319 -0.9256985267949325 0
0.9473555024960741 1.5347346427245696 0
-0.14372001260435427 1.9019830422124953 0
-0.6834341883567854 0.6124430651630159 1
0.3047393876981512 -0.8930650496725057 1
-0.7563230116497719 0.4252118575021197 1
-0.710944870854179 0.546493286794794 1
0.153227091335898 -0.8042118494320782 1
0.08729389979199985 -1.7537347854753471 0
0.29091494621440517 -0.8782432256885078 1
0.7564048399616665 0.3934134572630994 1
-0.3641540743472489 -0.8824705847991741 1
-0.828177053756585 -1.6613691764762695 0
-1.6162846860756057 0.1285709333636932 0
0.45093696567609143 -0.7636437419250899 1
-0.3354101020770387 -0.8527465667740978 1
-0.4863754787165306 -0.7702107167279022 1
0.6456093422891013 -0.5930331136816481 1
-0.8133850349364764 -1.523731260617712 0
0.7532897288054544 0.5500491334353702 1
0.34129059313693394 -1.7123074634816697 0
1.519583244918358 0.7368699911378205 0
-0.10485456405927616 -0.8177818156821253 1
-0.3781000805421797 -1.6647835979282082 0
1.3145538095326217 1.2899717891464646 0
0.43074486457555866 0.7693133425162234 1
-0.7521857738248543 -0.5442549181973068 1
-0.20262111044001335 -0.8809694789859867 1
1.63776364440693 0.6467301589191395 0
-0.5695538196526028 0.644585793503613 1
1.4201867398625694 1.0722770555210839 0
-1.1021656628973378 -1.389069389323031 0
0.2223051743015916 -0.873255934364281 1
1.8002063301937825 -0.10191115992172865 0
0.2878887044358889 -0.8460319623497018 1
-0.8065879364324763 1.5382938120216105 0
1.463023665721962 -1.0077931377427416 0
1.7197939986199817 -0.39486355810686374 0
0.3999352171777723 -1.7500981903785708 0
0.022635305121333018 1.783398489212068 0
0.41363784254985686 1.7083537511858007 0
0.3265566452996321 -0.7731280310285767 1
-1.5213356566723597 0.7880619072542805 0
1.7598525938905103 0.14397455039688747 0
-0.33714582292991657 -1.697783866065142 0
0.499944511329367 -0.690298453061292 1
-1.091325809356179 -1.4717131612761147 0
0.11357388255961168 -1.791780123589688 0
-0.8696876214778847 -0.08680262885387884 1
-1.759382390991571 -0.20747751359126645 0
0.3814568293027917 0.8434118656588271 1
-0.628498980801477 -0.6352222097299711 1
0.6321445781501547 -0.46148300584035834 1
0.7619393716234087 0.5260068550736855 1
-0.9445840217148398 0.10602333562095095 1
0.860304293069171 -0.4869757333813308 1
1.182135415149074 -1.3971819171893052 0
-0.11203225903267562 -0.846192193158789 1
1.8369777813873598 -0.04692722414824628 0
-0.3619859434373086 0.8227951749163807 1
-0.9012750670232151 0.106001105957674 1
0.8845274613347607 -1.5846088906734452 0
0.14851624195154392 0.9221021948299883 1
-0.7281081104042281 0.40656937781215574 1
0.8576438942896516 -0.22873467171820164 1
-0.7487419111035845 0.4565345176283546 1
0.8087117483574872 -1.579424921805191 0
-0.7861963024434916 0.33263310298389276 1
0.3087321573807885 0.7433616502797926 1
0.9684482192277412 0.11322198313201352 1
-1.7130358758011806 -0.8041400741013557 0
-0.7103991308135481 -1.6351472111723153 0
-0.2585777178587015 0.7947586149288351 1
-0.35295867152443383 -0.893890823586227 1
-1.8108202545852434 -0.36457122514930834 0
-0.151480701874603 -0.8431834788638378 1
-0.8074089181608579 -0.13621219927820677 1
-0.8639223770109776 -0.21049518113991264 1
0.759225270534252 0.42526564190396077 1
0.8740087479369737 0.30970103023415413 1
0.7331148355858734 -0.4947819298685253 1
1.562736211577569 -0.7994838391320572 0
1.3740081154287573 -1.1742852907425856 0
-0.8842351689663696 -0.18243518007078233 1
0.42546281735578984 0.772158019077056 1
0.28283402981095634 -0.7666121377870694 1
1.0314549356255407 -1.3927199898528495 0
-0.9490054478345039 1.4571198539069194 0
1.7681731766555642 -0.49026464107257617 0
1.4422646935588836 -1.1479497785228658 0
0.7672947089349749 0.5750823754572053 1
-1.4455686802787862 -0.8967612306938179 0
0.5819521171416868 0.8379486430740462 1
-0.8757717175199572 1.542281464311236 0
-1.7262838959248894 -0.609010885171755 0
-0.779796087959819 -0.28067152574414334 1
-0.9389225268041236 1.5952955734980605 0
-0.8046468286079781 0.2940820457781058 1
0.14577463582527253 -0.892673877239874 1
-1.0952536370409276 -1.4894121025895701 0
0.44903621113422304 -0.7850177749053283 1
-1.5938746389537892 -0.7277731751234051 0
-0.7292925421158396 -0.6129455472656948 1
0.7849143107524928 -0.3194556970682748 1
-0.5406080666799756 0.6936873679250372 1
0.10733898333403666 -0.8212668742629441 1
-0.6939114336396752 -0.4844930444826933 1
-0.021557550357691857 -1.0015091911775185 1
-0.791127173328625 -0.25494208546482433 1
-0.04214568758799166 0.7727697676004875 1
-0.5789174187784886 -1.5751674020347244 0
-0.6006545990277745 0.6528869330104015 1
-0.05232755804683566 -1.783611107751823 0
1.0886544970884782 -1.4142787305635025 0
1.2299296711600263 -1.3241548451659413 0
-0.7103402639433767 0.6237648586590364 1
-0.13800685802937765 0.9817099979684119 1
0.8331367225360631 -0.35526766706107477 1
-1.6967218128090493 -0.7396877545732614 0
-0.05966444071824574 1.7505529120936496 0
-0.7333272261756049 1.6264051222792009 0
-0.0013425058010488535 -0.7972672250800829 1
0.15034898123595983 -0.9008923127477906 1
0.7892668815909004 -0.42186893699061234 1
-0.8468827810910083 0.3085711698577206 1
0.43242790081255256 0.8119174102719756 1
1.5781980152668582 0.7633518534235021 0
0.3907405844621084 -0.848009011585343 1
0.06065579675094505 -0.9062770326477176 1
1.2138916320921453 -1.2865342550395198 0
0.7025576657417246 0.5643047714071966 1
-0.11113215020133244 0.8266889750164541 1
0.8364341377741045 0.030872925384924733 1
0.21735366664580177 -1.7555994982586822 0
1.3736226763100647 1.1314261283753888 0
-1.3699721969004257 -1.1805384441214932 0
-0.7678962128038591 -0.4470383822849396 1
-0.8054105738129241 0.3246328701678074 1
1.6357400274073142 0.6434766105703815 0
-0.5005451866627055 -0.6884192374657481 1
-0.7422817190846474 1.4436777748970158 0
0.8457148626433699 -0.2772005400184807 1
-1.3673269495457057 1.0944933772820613 0
1.6516822199221393 -0.784928432795182 0
1.5692406008827346 -0.8344287326483376 0
-1.1824469629501846 1.284897635777915 0
0.0706226431635854 0.821625431044494 1
-0.13276741290599298 -1.7629238585554425 0
-1.7542437902093533 -0.3283897716011871 0
-1.1746337699912037 1.3668768751624603 0
-0.7937152938339435 0.24973830924469498 1
-0.9538926419020635 -1.4118602140789234 0
0.9754737335920045 -0.1111133233523133 1
-0.9394275129572921 -0.03188959060842126 1
1.1336831649525305 -1.3740412115802252 0
-1.2735339663250123 1.2658233304414146 0
-0.7038247285553066 0.6324803500529775 1
0.524947025799118 0.7377441858244722 1
-1.76295718098983 -0.2700763808685799 0
-1.171831578812003 1.369098178550394 0
-1.738215578383128 -0.5420354807244062 0
-0.1078622793595031 -0.942192458065457 1
-1.6763074303463197 0.4735216004852894 0
-1.2852387826590261 -1.1828668958356572 0
-1.8522997975210511 0.2273656605160198 0
0.8937134253887806 -0.09706302092395298 1
0.7272986431994269 0.737739023547157 1
-0.23729249633777705 -1.8006402411656137 0
-1.5361474238762225 0.7652703552084078 0
-0.920107848341078 -0.24515456618112438 1
-0.09659408217953673 1.7755742578762514 0
0.9410104755281001 0.11838439258632825 1
-0.2714045044624584 0.8599075248961178 1
1.5440270014157227 0.9886656032611683 0
-0.9225333790563093 -1.5843024428592833 0
1.7226164326147797 0.1457294631817535 0
0.3394381215152039 0.8226979199693111 1
-0.7946057445976996 -1.5670953973376531 0
-0.7495532339703604 -0.5028628515314517 1
1.7143642438268911 -0.5625134898884162 0
0.11660154803198376 -0.9044873927931729 1
1.5238350757327284 0.8186514694278331 0
-0.5980886624348696 0.6738058403742905 1
0.6722329841549547 -0.5818363835277088 1
-1.6469439587308172 -0.5975685803631922 0
-0.319282042616589 -1.7792382417703718 0
-0.22544372271107047 1.794975115195305 0
-1.6238016196816736 0.6758466080357429 0
-1.0617919255950066 -1.4085696993639554 0
0.6595307705657324 0.6008374807378571 1
-0.30708390846837 -0.7480653379880587 1
-0.5371947950277557 -1.6917474849185792 0
0.8079533378343448 -0.3987352823465477 1
-1.7636699580970479 -0.6128574558160421 0
0.7323926129783097 -1.6804637357201344 0
-0.570759292079087 0.6399037307577066 1
0.5334014161077075 -1.7140185858240113 0
-0.18503434824763476 -1.8212721155970266 0
0.8346852614606436 0.23986397064146722 1
-1.222670217886443 -1.3553515282955246 0
-0.6485692656475698 -0.6345922494715132 1
0.8068741278723911 1.5241941702521493 0
1.8209933998073267 0.2250026162264278 0
-0.8700678826443005 0.34750793761829296 1
0.5491342561548995 -0.5617098659742544 1
-1.2035310180078365 -1.304660375505013 0
0.02423969258960447 -1.813027060317442 0
-0.500690220316104 0.6379665814486651 1
0.7940590219892438 0.5290738648224628 1
-0.49007236524612463 -0.7402104121633764 1
1.2191131056863247 1.3267342876959527 0
1.5099169281876483 0.8675150561022602 0
-0.9499730408286148 -0.0381433227155012 1
-0.1226062044077484 0.8968954016977169 1
-1.769574212735558 -0.2880820966922491 0
0.32183902665385167 1.6618783047831673 0
-0.5590499427494308 0.6940688915809817 1
0.32258897839801653 -0.8991704123559247 1
-1.7689182232392737 0.4066238654519582 0
0.007695300932556362 1.9139467246916544 0
-0.8220314107761867 -0.3773246599769423 1
-1.829680189386891 0.1206163013964284 0
1.0958332650657612 1.5453659698595146 0
1.3920254654203565 -0.8436784519193826 0
-0.8930614098632201 1.4860433003319595 0
-0.2825821802173087 0.9434093596218021 1
-1.5847942273444076 0.8292943364909179 0
-0.23070254431341117 0.7875714569113783 1
-1.8143118109026086 -0.23725859354042605 0
-1.8540322555938278 0.3278917468585089 0
-1.1032207739821178 1.441984818682269 0
-1.7247460892981226 0.24941604523559294 0
-0.8389101685307251 -0.3096137122485203 1
-0.7632794877078244 0.5704946376667379 1
0.5267250948472962 -0.6880910134508197 1
1.705609872446815 -0.39623039244958863 0
0.7722684903118028 -0.561553922548885 1
1.8101658264706202 0.18582652037690114 0
1.562088953757998 0.7367386798495327 0
0.6904024509396924 -0.5618696837777815 1
-0.5932417273322085 -0.8287346110093904 1
0.8301598598201038 0.42839683247949206 1
-1.7670034766599012 0.24483251107695894 0
0.8677847362583178 0.24910852555749796 1
0.9287172830211676 -0.20068521485234014 1
0.3741627685412216 -0.8200454758904882 1
1.7169910546328773 -0.2027694540185452 0
1.310269863484431 -1.2252885537842586 0
1.24313441192878 1.2802148422800532 0
-0.632371730064012 -0.7138119202196077 1
0.018464405505734215 -0.8729679290357338 1
-0.09443624463739211 1.7932194590333215 0
0.115330976270048 1.810857381786172 0
0.11036492706864823 -0.8891067969453884 1
0.8199503191632883 -0.36988623678962534 1
1.6755374400772196 -0.5267473217030262 0
0.7469410219272742 0.41487528409512725 1
-0.3919585166525891 -1.7403533775671374 0
1.7753855323274275 -0.1979335595642947 0
1.4100373339523788 1.105627780107144 0
-0.8604495279159665 0.2340013982674179 1
-1.6873871043962898 -0.3973968733698166 0
-1.2156718565595375 1.4451241028849586 0
0.39161625609516776 -1.7301798879119492 0
-1.6579508343783098 -0.17863586333741216 0
0.04304463308497537 -0.854650983445278 1
0.813531751617612 1.6341534480882522 0
-1.1348026444183854 1.435072278577448 0
0.8405770930097738 0.26266419215024434 1
-0.4962097376173357 -0.7210658575209749 1
1.317693516993473 1.2570485347986051 0
0.7307703676849907 0.346632554862447 1
0.38896028988482007 -0.6873420440833228 1
-0.1440557185417955 0.8179040327152659 1
-0.908510160225452 -0.4191585840337413 1
0.9164393431627947 0.04006149118394596 1
-1.3663995457586384 1.162252468288933 0
-1.0975620479436636 1.445697876374641 0
0.8525702602593782 -0.23160760440992323 1
1.5727033831584187 -0.9130297269744299 0
-0.441139184143581 -0.7780660880090723 1
0.8889327794297424 -0.23342347312277675 1
-1.5553878885443193 -0.5473895040839378 0
0.18562958377811073 0.8470443802592579 1
-1.7361543841233056 0.25988851693080955 0
0.6519844145543732 -1.6284482694169056 0
-0.8136069623822758 1.6913324909947016 0
0.13521340752080227 -0.8851583484575513 1
1.7310625886235378 -0.5425619354335718 0
-0.2917400188046907 -0.9291483840141413 1
-0.21308543401785043 0.9079445495256873 1
-0.7286731076879447 0.5981771257205819 1
0.7742056078190571 0.38208181938200303 1
-1.7312334849943976 -0.010438244376608998 0
-1.2326400145018608 -1.054363113886938 0
1.1463914451150174 1.4421169333505337 0
-0.6306675197272917 -0.7336684533120911 1
-0.2891281089241094 -0.8395710146233817 1
1.4720169669935281 -0.8624445203349377 0
-0.8062783762448212 -0.3771527291393338 1
-0.8456553332665254 -1.6228640995895964 0
1.2456141127402915 -1.285093822766511 0
-0.8682368113073985 0.14820292508606558 1
-0.14878004510687792 -0.9037391173122269 1
0.47019952140615834 0.7027750431402023 1
0.08746412912756373 0.9688899987561027 1
-1.7561023102877953 0.12685074504706506 0
0.9032128270172586 -0.06394158080445066 1
-1.8027965315324022 -0.1853237199346466 0
-0.2679615027597542 1.8333409168267487 0
1.5636388121570501 0.9058799484578276 0
-0.5318530429864364 -0.8055541140611073 1
0.6627163848322903 0.6549741313852423 1
-1.1848936657116562 1.3286721927398117 0
-0.07955374875826786 -0.8761090951190966 1
0.8701919971112051 0.19758525941113747 1
-0.8527553182244456 -0.11015714115265192 1
-0.6871539812255032 0.6370505367741276 1
0.816954010191178 0.3866996024784686 1
-0.36177441407522754 -1.6829034333203308 0
-1.2406645668150238 -1.3616208062819972 0
-0.8295936847493995 -0.36516967983074494 1
-0.22802660746857978 -0.8344120150696542 1
0.30456322047556245 -0.7407559683415033 1
-0.6156388438612462 -0.7651270072129307 1
0.043204207847755145 1.8410592270148245 0
0.8773160810955385 0.08621492454871593 1
1.803650795490351 -0.045699422783234925 0
-0.016819794724917004 -0.9472634407676283 1
-1.6139193693082925 0.8884220793225422 0
-0.39585105963250633 1.8084491624735575 0
-0.15675799428061682 0.9010457745677685 1
0.387873232610221 -0.7027127365415182 1
-0.1597064895092913 0.8996111491801165 1
-0.45827856102738607 0.8526518168238403 1
-0.4631730390144529 -1.7559751085478388 0
-0.957561217247202 1.5757734916854664 0
1.7224451575905275 0.5360898611661776 0
1.2926631934927861 -1.1977510651962449 0
-0.8409289821227351 -0.20162197319983527 1
-0.6483484339558485 1.5767468230815946 0
0.2624757407123049 0.8975129307936497 1
-0.22008040604825294 0.8649396851134269 1
-0.3915635046637847 0.8322524729653794 1
0.06770002082197558 -0.8608673590227455 1
-0.15592826098875717 0.8093169683757212 1
-1.0246345745148204 1.4350420836329771 0
1.2071150290599124 1.3202986142606077 0
1.7206264313945143 0.25475575954020196 0
0.796800332742354 -0.2504036564969493 1
0.510367757977103 0.7059216674131119 1
0.6674866302496689 0.5918560517249007 1
-0.6103649947728079 0.6364254211752466 1
0.42439207948649565 0.7513881655457091 1
0.8536997746617568 -0.3525876524235249 1
-0.022398932216576215 -1.7630052443518505 0
-0.5071290271749467 0.6449725222802365 1
-0.8290032715464817 -0.29693797421459084 1
-0.5919320249246881 -1.7337712876373705 0
0.9452050136616805 -1.5740583800924424 0
-0.9925319662676255 -1.445913284115407 0
0.744285914930021 -0.48330132830996014 1
-0.5439595358340927 0.7528152788476389 1
1.7529338122501825 -0.2710402817747292 0
0.8862731064827837 0.11972635952373835 1
0.8423546614837557 -0.198553272256458 1
-0.9269866743708581 0.0732448279989336 1
-1.7017413258812786 0.07096348651070762 0
-0.0027212795791991696 0.8113795896537807 1
-0.5602695413411196 1.5975295956920428 0
-1.7179820000310388 -0.6089763292420485 0
-0.2602067045617846 1.7174642169726386 0
1.339275647147561 1.06144324574845 0
-0.08404266635051019 1.8291898343717647 0
-1.0210347518137275 -1.4525501256019526 0
0.8035197428986529 0.27887489490548073 1
0.6300705955258714 1.8216617222874327 0
0.7862382018026854 0.1476872460220665 1
-1.5999545327572908 0.8472325418630732 0
-0.5526355925495212 -0.673382648274835 1
0.4176304795654041 0.6558537024980539 1
-1.3929688025737406 -1.1228595050187176 0
0.6495521113280355 1.6098266278300521 0
-0.4540144910364175 -0.7494310425389936 1
-0.6947324914650072 -0.3681234879825369 1
-0.7063973639726181 -0.3981498430360468 1
-0.720350606613883 0.5995157719900309 1
-0.24074953557187165 -0.9279333108034846 1
1.8060622349051805 -0.1085211284671486 0
0.544886647143282 -1.8062323322874712 0
0.5377645915130774 0.7060183377164553 1
-0.197989497677654 -0.8890806805901843 1
1.3740631567051718 1.1420341348907324 0
0.5110013249616807 1.843086284468555 0
-0.903247281650451 0.2257157430412009 1
-0.8537112907923895 -0.3765847978485646 1
-0.6245020227716712 -0.645703249929227 1
0.8259272279814762 1.6241452017307252 0
-0.8281035445896996 0.3272470819287489 1
0.9211723333503818 0.07612694516811974 1
-1.7246700942644806 -0.33158146428042684 0
0.5964854391945631 1.5943958429364324 0
-0.16244608940153296 0.8534190400631978 1
-1.6486252096132 -0.6304460859265302 0
-0.5494915591685655 0.5337992188331729 1
-0.0674821098094144 0.8783283745610234 1
-1.8544272026857278 -0.3654860065700973 0
0.9301874638930167 0.15389511444208337 1
0.7300571120705392 -0.5384955124897431 1
0.4550953846429934 0.8850737164936654 1
0.10791047161428778 0.9094746203606122 1
-1.668717262694749 0.315804367575928 0
1.2243061047088482 1.3558404870916285 0
0.8892299404984123 -1.4943257416721218 0
0.18716767439681187 -1.7349200812456953 0
1.7614514210600756 0.5467619283969786 0
-1.1421428404480471 -1.404730376430194 0
0.6166462533569401 1.663805617449574 0
0.5158514934887813 -0.8262254347123843 1
0.47558091326959945 1.7071710368180388 0
-0.12257924646715956 -1.8688212675106453 0
0.4138362837566839 0.8331213404727813 1
0.14699708532240804 0.9706269832750731 1
-0.6845681112651396 -1.6281226639521014 0
-0.792692342987379 0.3119407796198588 1
-0.4539397879265581 -0.8261098417979306 1
-0.7149761782753784 1.640379718166555 0
-0.46841439021336484 0.812631779156431 1
-0.6485054147455281 1.6747853536349702 0
0.0679361319376014 -0.8615918058115389 1
-0.9475985545103895 -0.13838919770444597 1
-0.5656915733798383 0.768695308044148 1
1.310579395370925 -1.311617490437367 0
0.43599097175212337 -1.8471094472053036 0
0.06022654210336074 0.8933069586287302 1
-0.8724150916111891 -0.33762253413784327 1
1.4902778689667031 0.9073182271836954 0
0.6016404629158383 -0.7217065856210461 1
0.024089246718607373 1.7386801055400678 0
-0.6206595579500125 1.6480037168088089 0
0.040632604224396345 1.6935222537577959 0
-0.663646020782829 -0.6487915076604829 1
-0.21044533436594676 0.8581254072700185 1
-0.37745769579314487 0.8216646012914999 1
-0.5939365782527599 -1.7729731895643819 0
1.4859676196864977 -1.112674190829296 0
0.21914014715252184 0.7872094042655673 1
-0.6556321452800967 0.5642387496375046 1
-0.8275955232791065 0.4189929472861769 1
0.813843594239341 0.2581926157380782 1
-1.752353945580222 -0.06940053455166378 0
-0.30810594311917794 -0.8219929849466516 1
0.5481388459352143 -0.8192819625090404 1
-1.7094965144909346 0.6288251652180765 0
0.5530342799255457 0.7169768219148438 1
-1.0166284963286252 1.4882973595531839 0
1.769746847934968 0.0360306757921482 0
-1.029680911422875 1.5464630361083456 0
0.9062318791250072 0.11554143555651245 1
1.6759193173071707 0.6123793528100961 0
0.8819710756934862 -0.14477409107924524 1
-0.18787738389280537 -1.7982592752418385 0
0.9574743195270481 1.5422157388632725 0
0.9687249433195038 0.23059263750037462 1
1.1611897010528855 -1.2511747485957059 0
-0.6102809924029389 0.6226070674529358 1
1.632383272456719 -0.6576335116730219 0
1.2095622092952152 1.274950137984296 0
-0.9015427679995456 0.17164378189261537 1
-1.0836385072417698 -1.4279498791021707 0
0.7509868794973903 -0.24468630260605684 1
0.11394080558485918 0.8592137547681714 1
1.4651135474226915 -1.014628657908225 0
1.763886614948229 0.2978796628617311 0
-0.7330281919409835 1.6031249507325416 0
1.7616809725546745 0.7745774451538503 0
0.35857775921568047 1.630990487974714 0
-1.4369713946568894 -0.9327052451289762 0
1.7857590363815852 -0.23834303267170265 0
0.7828608824337502 0.5232263247764947 1
-0.25367452685436265 -0.931030029621327 1
-0.8488628323950466 0.2735792703034142 1
0.6985229111709488 0.5359992274984474 1
-1.4482486276927033 1.0930986083393215 0
-0.5354319832184699 0.7441574452234636 1
0.1477179576172074 1.826796446593819 0
1.6900826071918267 -0.703812745014474 0
1.2656640069860836 -1.2958913364025257 0
0.1787237606631812 -0.9266287645238875 1
-1.333213063127605 1.24451647134922 0
0.883207512965242 -0.16522436013161873 1
-0.1718817360461415 -0.8033174179095364 1
0.9065295315559295 0.008106597094542697 1
-0.0487124422869428 -0.8810053410082143 1
-0.5564199677834973 -0.7986545988579112 1
-0.11421623340773625 0.8632181573649947 1
1.3525474414713403 -1.1651542597707436 0
0.5252185752587674 -0.6980677576612208 1
0.9300236187519695 0.32620435881706217 1
-0.313037898695373 1.6839515163156633 0
-1.7882455644039659 0.5058518603048444 0
-1.4883406120197962 1.0428476870322445 0
-0.37678877196905514 1.735713698032162 0
0.8293078691437588 -0.1768928313722082 1
-1.3617440444015485 1.1543369395907794 0
-1.8149363221328823 -0.08236889734326973 0
0.3033357773177676 1.7159984865778515 0
-1.6268316194881667 -0.6568127696663558 0
-0.5787311065047984 1.7181696317335267 0
0.7310287224558881 -1.60788988256399 0
1.8329013171400448 0.3165228404498104 0
-0.6324377510649931 -1.573958953658376 0
-0.8996667587189792 0.029749053665948336 1
1.439960681625006 0.9579452043699778 0
1.2512592837799101 1.2515375785452119 0
-0.8258451797878998 -0.1835096501167261 1
-1.7421718484426465 -0.16025747558202127 0
0.6035502107966262 0.687398202734481 1
1.8211219553821352 -0.06732914384014038 0
-1.7965739685856341 0.043158268713384115 0
-0.9558511955846772 1.4234385780915786 0
-0.346302480177778 -0.7388730599415498 1
-0.3723096468319394 0.7825035686576269 1
-1.4575115664497642 1.0464732658376164 0
0.14771373495171924 -0.8415227100449567 1
0.7326151593427852 -0.5760946251271604 1
-1.7464441042101726 -0.5767079332330218 0
0.8216418735680373 -0.3700503823941468 1
0.17375610089686183 0.8582511627641282 1
1.7281685772083788 0.6035589784172588 0
-0.3293109394284194 1.775704816555724 0
-0.4186690397695439 -1.7016968074251717 0
0.38276007931307393 -0.8519095756937962 1
-1.0572615504622456 -1.529203954940976 0
0.453520415422869 -1.6906790339034785 0
1.3343275751327484 1.1064131088721254 0
-0.7592000886707669 -1.5988645591431634 0
-1.2508741151217582 1.2472479660070008 0
-0.5843889037327678 -0.6267506523033365 1
0.5325003898718521 0.6354388211761922 1
1.4540546706676973 0.9943006618170884 0
0.028325741610115876 -1.717317692184307 0
0.15250067493155342 1.8031341022518776 0
-0.8516547012119915 0.07182096895456498 1
0.6564077203170726 -0.6751456580114461 1
-0.9280168228225927 -1.5275735045189114 0
1.0097141538943373 1.4197327287626118 0
-1.3643140251699615 1.089908860746199 0
1.4908648381259393 1.0919712807539093 0
1.6040500333876708 0.6766372848909834 0
-0.9157159810384149 0.07753324595249514 1
0.9039113625802839 0.18282219698314336 1
0.8346721947221534 0.16021610899269972 1
-0.41825930243741405 -0.7002583718571725 1
-0.6240704035627782 0.5103648804015013 1
0.6918583146750761 -0.6287715063385965 1
-1.715177914087947 0.6811428945228323 0
0.2971135001747768 -1.7888001830707432 0
0.9412337570346868 -1.4229205495770274 0
0.04566263520968236 -1.7355500053219457 0
0.4426852281413239 0.7836978040782313 1
0.6273951490938698 -0.7206830793065424 1
0.898336292660563 -0.45164831747981604 1
-1.7512237399928576 -0.540926786089583 0
1.10236162738231 -1.5003589240631383 0
0.9471080138008486 0.0003268837396868046 1
0.8354982290494454 -0.2728917153743209 1
-0.35440358371357805 -0.8848246855254637 1
-1.3094182993043275 1.2391283935836044 0
0.1391398665303096 -0.897320328410255 1
0.6515962158407602 0.37991643085691695 1
0.9164133718320696 -1.560624379903928 0
-0.6264979124604833 -1.6543572753434357 0
0.4403893793494431 1.822219667799439 0
-1.708472341817853 0.5201438089942789 0
0.6757197155469119 -0.544722931275474 1
-1.0195112800378503 -1.51712406647302 0
1.6623757496393203 0.7148765373350922 0
1.799864389725 -0.10992624224551258 0
0.8274470622552518 1.5761261155680273 0
0.9532607194675485 0.06767238121879054 1
-1.2898356432732938 -1.1925457023658106 0
-0.2910435259660777 -0.843476302914827 1
0.21282497291854005 0.882584461580239 1
0.13376026391633636 -0.8665193591907163 1
-0.007535903360988212 0.786532385538658 1
-1.5491742668759152 -0.8908074903874663 0
0.10108385058894612 1.8202941173456644 0
0.06420849387549912 -1.7707885287229415 0
-0.5846882680167201 -0.5755872305187582 1
-1.622540495068487 -0.7096463066060105 0
-1.619458582694515 0.7239973607304958 0
1.0755296471484106 -1.395140308487545 0
1.4063314852797437 -1.1570947517676649 0
-1.7462546922198587 0.4264954986306065 0
-1.3638755700887562 -1.0579864687384064 0
-0.3530188915081608 0.7355972211844483 1
1.8529514060159678 0.2930214085719909 0
0.2525441896103019 0.8851782402778494 1
-0.8425659074950141 0.12951218467957995 1
-0.845580928897406 0.1980918540332986 1
0.8152759590048944 -0.18133385539373317 1
0.49148633692841004 -0.8173773472771673 1
-0.6420199681324333 0.6055782308850047 1
0.627397300595521 -0.7086990647603839 1
-1.77601009735706 0.3968807958841611 0
-1.272003816811424 -1.3309682848405047 0
-1.5875121896331374 0.933214977630707 0
0.8421294838471846 0.10643817399454904 1
-0.00959200778921062 -0.921435041463461 1
-1.4721918143993522 -1.0197982573867042 0
0.24864190597666688 1.7028607297789622 0
1.6689130048558027 -0.7740366725888057 0
0.8673108316440508 -0.06561331027523377 1
0.8638455868440479 1.6289985922876478 0
0.8026946137109398 0.5019719407147604 1
-0.30866171414720767 -0.7625750207179612 1
-0.728620299921287 -0.5737015355843731 1
0.7407382383512462 0.5619493289567083 1
1.367511119203704 1.118387996612706 0
-0.027278842651784742 0.8832972408773351 1
-0.722417958544794 -0.40505232610077085 1
-1.7721287878473777 0.4902450643183652 0
-1.7027700578571494 -0.32283639043946105 0
-0.5610940264688156 -0.6725664270377409 1
-1.7999397286645307 -0.21326682944026037 0
-1.7755958113332466 -0.14511008347429652 0
0.3667758171767923 0.9084521201433943 1
-0.062168768637970655 -0.9258997613317982 1
1.0280906533480174 1.5413754626561427 0
-0.43825687087417975 -0.8638111777954744 1
-0.8685684299940754 -0.10937098986429591 1
-0.5154428978615878 1.7784194511261318 0
-0.21783262840898465 -0.7988663202251715 1
1.7178861203307925 0.33609369244804554 0
-0.6365628156686338 -0.5040685348711098 1
0.9268359622404142 0.0916262969233544 1
-1.8515943828104318 -0.21903133459065874 0
-0.9380958090090602 1.4848093822746011 0
-0.807844578155284 1.5431026183526417 0
-0.9178465322930022 0.15982440858838173 1
1.661197236586322 0.5504320746830151 0
0.4311752649989217 -1.7095891503446554 0
1.3541339227757796 -1.0462328098888194 0
-0.7785387454913653 -1.5620362316552212 0
0.558824209515402 -0.6771533484820519 1
0.904092089000818 -0.1451771463095041 1
-0.9667509600252969 0.05819379941638578 1
-0.6361447382751214 0.7191506667961279 1
-0.6473092146213674 -0.6143007514178757 1
1.094471446252567 1.4607864730611235 0
-0.571062611941771 0.6972942722552662 1
-1.7399152118272467 -0.049470811234873666 0
0.4268816289394485 0.8590611003145775 1
0.8231969791991892 -1.5842420757344136 0
-0.4103057831116547 0.7678075140903697 1
0.6211173870734386 -1.6647178056132774 0
-0.089699981385103 -0.8184882383888955 1
-0.5743015033981024 0.7884804924908926 1
0.8811212592087012 -1.5434189751436016 0
0.8204081078378244 0.40113171862918945 1
0.2861862682555275 0.7935254836710174 1
1.4240939796082888 -1.2127092631359826 0
0.3544371939827959 -1.7930941962302238 0
-0.6330812600024772 0.6552199022381459 1
1.8010874378280746 -0.3787728425421927 0
0.2394023673498922 1.7273926943187599 0
1.5936556064085097 -1.1356227290935166 0
-0.7884558302803537 1.6024234201078453 0
1.594225456527568 -0.7697404129853112 0
-0.7982692015031218 0.09368934716955374 1
-0.6963171508749891 0.4619908261222754 1
-0.47752930993799514 -0.8246423917627324 1
0.5119256137797219 0.7880626914945773 1
1.6972689033674528 -0.5823746266534171 0
0.8666307106140082 -0.19466157464088055 1
-1.614371318964718 0.8584699437040676 0
0.8553607242524657 1.5791231389732279 0
0.15406623207975179 -0.9193042825905079 1
0.4470918408472266 1.7583861474677296 0
-0.2917656052646672 -0.765832516366792 1
0.8355822588099743 -1.6512054050528666 0
0.6496462918596452 1.7203754392395534 0
0.8516134574839229 1.5533487613623946 0
-0.5651553635538445 0.7531511902469419 1
0.6373788243564429 0.6081352268466229 1
0.7662253359389569 0.20155439622498547 1
0.7298578651540489 -1.774092979128004 0
0.9336792841712743 -0.17782979791640893 1
-0.4582430169176637 -0.7258481434752555 1
-1.6612588091017375 -0.598314742299198 0
1.2535113209001927 1.3416418057932278 0
1.7885514325328578 -0.1484541105438925 0
-1.7309031356274258 0.5257281970079742 0
-0.6171105083735314 -0.6831327695789768 1
0.7077467388285248 0.5733323843714868 1
0.7104301879678872 0.5726362404920007 1
0.865020953566403 0.013399431519612518 1
-0.08471072979542213 0.9563028213326307 1
0.007002725031301694 -0.9646877241712976 1
0.6722419338086554 -0.7000366424800722 1
0.7459400751254971 -0.41973938253257553 1
-0.7801498348924355 0.33839281262257176 1
1.1605967638289258 -1.351672046242919 0
1.0806000414530437 1.37840692932459 0
0.8062919570629689 0.43353929769190797 1
-0.34960932470754535 0.8363919560162587 1
0.6583008493773298 -0.5420027197798329 1
-1.3369208758010653 -1.149635596909261 0
-0.7480827287932537 0.5390487288573761 1
0.3517262023990384 -1.7090652794104018 0
-0.7511601289408834 0.4250854140975687 1
-0.8056851295742224 0.37237851838922614 1
-0.9057604047923962 -1.4873360831943991 0
1.5967344533797083 -0.6843939075251285 0
-1.7719235100598631 -0.015831501117333842 0
-0.24439927703923567 0.9863321916813474 1
-0.856534259068407 -0.3885014968166237 1
-1.6376367124689901 -0.36704417975791725 0
-1.6139061957036915 -0.5986067252533632 0
-0.6612008753688766 -0.6390552620306398 1
0.17419270057936193 1.780698222946613 0
1.5840316791305165 -0.8580184172668179 0
0.6775954610987133 0.45902373881104097 1
-1.592490976619338 -0.8580813345565268 0
0.89264554179612 -0.154863478947152 1
-0.16101312463782333 -0.8504401435728686 1
1.7745198784915812 -0.3661011678891842 0
-1.1620053546423683 1.2197852130143458 0
-0.8570539698104773 0.12200205520559433 1
-0.925965858422651 -0.03692585645089781 1
1.047453517374838 -1.4070235578294588 0
1.7234267802974634 -0.20598977484289213 0
-1.0593811365078973 -1.6016092106862614 0
1.6137388478019332 -0.935653013026133 0
1.7809103913349307 0.003194367118210465 0
-0.015631129320429687 0.9538923193871712 1
-0.8247887103371867 -0.39381291339396407 1
-0.7962336299500878 -0.426680480982381 1
-1.7142371275247847 0.7246845438902146 0
1.0964638258506787 1.4898752403091688 0
-0.35647472379132356 1.6728164378612358 0
0.5896879070999838 0.5934937068717756 1
-0.8692933622897859 1.6933186063276664 0
0.935962983859628 -0.12557031280312722 1
-0.6497736578577813 -0.5238083348653924 1
0.3613303073509176 -0.9095858954709174 1
-0.9389266660597422 -0.1544303055613216 1
-0.2868645614947869 -0.787880549972359 1
-1.8042619304959893 0.0927102969341331 0
-0.8890341855348309 1.556477493743878 0
1.7303885396154053 -0.21380790651882023 0
1.750854997092861 0.4424634734968086 0
0.6917799822271841 0.6566364930049675 1
0.380721292296889 -0.7683938643759708 1
1.5080710786043077 -0.915807583154508 0
-0.922133421210354 -0.28967345258791355 1
1.7718931142394363 0.08930709864854033 0
0.8056414814922904 1.6491159059273572 0
0.7141813445827696 0.5975898924916754 1
-1.7220064217156033 0.3402170603759532 0
-1.345954930821701 1.119777288163715 0
1.6429922444113387 -0.7056722262812399 0
-0.5918597577709226 0.5572319963211011 1
-0.17994908973854765 -0.8417822536167772 1
-1.780287640760227 0.08616272917792489 0
-0.5064016924560064 -0.7629489836005563 1
-0.5839337072619631 1.671849586136975 0
-1.6981159399126322 0.5222623221469153 0
-0.17505869884743064 -0.8474578261356922 1
0.572146846932381 -1.7947226483039667 0
-1.3926401696121373 -1.1233198208467647 0
1.4456087733291405 0.9179084092494 0
-0.24516759256733126 0.7835586687244807 1
-0.7890718037613934 1.5923444343689104 0
1.2202952394462885 -1.3744266046103066 0
1.0118492219127038 1.4371993924407998 0
0.8270187488561331 -0.16403592202086054 1
0.6864200752559322 -0.6434454854011648 1
0.239451270557284 -1.7386364357504838 0
0.9002382816626314 1.6212893117039768 0
-0.5053109036184082 0.8315053299482819 1
-0.7383627439613755 -0.5014736293845572 1
0.5391822069480736 0.6462115689459825 1
1.7037022369411259 -0.6800874704981535 0
0.7813701972506885 1.5868875521088603 0
-0.4792578115567017 0.6227725388766705 1
-0.6062697976701067 -0.618790430725604 1
1.7712708758281546 0.12284756520284272 0
-0.8606567640586045 -1.6006567766581816 0
0.5739064612263944 0.7134777180740367 1
-0.07403032665708657 0.7649953733739882 1
1.047564514373619 -1.4887187845530425 0
0.06837558696742488 0.7083047811258285 1
-0.4864786442121707 -0.671892738244566 1
-1.7677808960259338 -0.4577935752177395 0
0.8474562094960358 -0.23236259787646246 1
-1.8640538917910905 0.3158159414355325 0
0.5551278446473192 1.7016885603512282 0
-1.7930605568319196 0.5145276763620124 0
-1.5596943580606555 1.028393910612408 0
0.2019573649668504 -0.7968379051098824 1
0.6718153419560959 -1.6743879313341246 0
-0.8134498484833516 -0.4913936341617804 1
-1.2087334008990003 1.291421940810404 0
-0.20797156362665925 -0.8468398803724753 1
0.8068247976861633 -0.30855304662595734 1
-0.9427113054739097 0.3418128012519355 1
-1.7898104532710761 -0.400774553430727 0
-1.2624088136299876 -1.3079256858039232 0
-0.7726357070842339 -1.5910866199860125 0
-0.36225847280499174 -1.773040013732319 0
-0.4553602457737186 0.7508090217606989 1
0.15961036063087744 0.8455365600766257 1
-0.6641517810079687 -0.3915910170993662 1
-0.13253845760620886 -1.8725367982443137 0
0.1950504162695266 -0.912820022580867 1
-0.6257293920418845 -0.6263548548338332 1
-0.9400536517275818 -0.06117784800845463 1
-0.050998115872259386 0.9137318291590097 1
0.37960637524803426 1.689052440554619 0
-1.731803154172927 0.5688232895583453 0
1.602153862584517 0.8252562004145966 0
-0.8564747593251971 0.0970477573199816 1
0.6265778417672567 -0.6327125863734998 1
0.7709177001776409 -0.43350178229394687 1
-1.4483950181445366 -1.1258231421599303 0
0.5195217424566948 0.7417922018341462 1
-0.7772573575167213 -0.42855810309736353 1
0.20191340350517747 -0.8381324179380428 1
0.23592341004940234 -0.8753282111522531 1
-1.5867531543999827 -0.8593199824585332 0
0.8430476389108653 0.17278172119479146 1
0.4449748539077508 0.6654897584611228 1
0.5266171841545838 -0.7369852452215484 1
0.7595238179968866 0.5260513804568517 1
-0.5581535862065032 0.7119357741871803 1
0.4370148459238755 -1.6902904202362146 0
-0.03140783732533572 0.8922112420602234 1
-1.721893872332305 0.3948580873315276 0
-0.5915800465834818 -0.7586603132775819 1
-0.559931677597015 0.593175298519782 1
-0.8709738731636579 -0.190175255868385 1
-1.312065650280592 -1.1785816861902523 0
-0.8951550163391858 -0.1991935048303154 1
0.6309134941628258 -0.699058966356624 1
1.2856329305034817 -1.254157394362236 0
0.13534862766568917 -1.7146734159105848 0
1.0837785676713656 -1.4130154350732862 0
0.5367791673087967 -1.7324252575950787 0
0.36706135400454076 0.747762128542028 1
-1.300867243651196 -1.1742818865838929 0
0.8542344980047907 0.2730121895941641 1
-1.3607526569047916 1.1467151156240758 0
-0.03298896804087777 0.8613305851536576 1
1.7819648073015526 -0.29800598623587465 0
1.6969905987878375 -0.5834811127380006 0
0.6326101800697799 0.5824936061069345 1
-0.19259349965637115 0.9540136122585082 1
-0.8660304352799363 -0.22893321852384488 1
-0.6618214043752048 0.5033306250172147 1
0.4097563241879087 -0.9443496169362958 1
-1.3480773147183507 -1.074374323448275 0
0.3192463531726145 -1.7570908475410048 0
0.6122411207664247 1.67994533558729 0
0.43390120612863503 1.744248626025315 0
-0.8856831028717438 0.08274292936998057 1
0.9485457774652112 -0.1067570047726914 1
-0.899139662902952 0.11046024173560813 1
0.5120357826717783 0.6420664250567231 1
-0.20463078757853945 0.7730310456514721 1
-0.4266335254467254 -0.9085369190555526 1
0.862458174005732 -1.5798699842114332 0
0.639419838377747 -1.6686677710696547 0
0.38096444216796843 1.7378872576369837 0
1.0292948749067512 1.339718756137859 0
-0.6401150737236755 0.5346699036770725 1
0.7928804919465785 -1.6253792876458677 0
-0.4173920524610635 -0.7682244062670779 1
-1.7137100412315978 0.6188459092545149 0
-1.1602336831167606 -1.4210205816905515 0
-0.825752715570922 -1.5554404795571428 0
0.5405040457351393 -0.6842281773481222 1
-0.22767758212399514 -0.8780887340988218 1
1.2666188350869247 1.2938267175992424 0
0.8692136567982243 0.46022066412821944 1
-1.4569619719789013 -0.7899245105314604 0
-0.9160849811104379 0.15337060332383967 1
1.7436559397304177 0.5910193260542316 0
0.539838867763889 0.7376439944794889 1
-0.004521915529962509 -0.9416053657779992 1
-0.15682519249569774 0.83105458168228 1
1.5974549167547996 -0.48292277446625986 0
0.864532746898396 -0.3550869629882685 1
0.7706155468316362 -0.46742716816354596 1
0.8659513701061079 0.11946154148183293 1
0.3948683293087178 0.7957418269725788 1
-0.06788179642575025 -1.729901991275951 0
0.6462576796880778 -0.484430294957732 1
1.4582663689242905 0.9947805506782978 0
-0.702349016940986 -1.6118905430125146 0
-0.8545615939410526 -1.5927512555044092 0
-1.7957333027440392 0.5163230380421379 0
-0.5663728136153727 1.7371454597764318 0
0.6247580174377244 1.6740041849464824 0
-0.7220646666181668 0.4058450652249113 1
-0.9254170047110188 -0.18599376306241283 1
0.8854735484194546 0.41188564540500494 1
-0.8229025247087405 -1.5613999551805644 0
0.2083087328235847 -0.9051785353297175 1
0.23197130742197555 1.8524595623506006 0
0.850111077332097 0.41369258705352513 1
0.2693247182914565 1.677529046748512 0
-0.03542051478902431 -0.9283354577389721 1
0.44763410944876897 -0.6755312526924646 1
0.8331726740439456 1.6249516274553013 0
-0.022753729675901405 1.743626191698677 0
0.7870234013431399 1.578519078375653 0
0.4431895728803386 -0.7273399831281325 1
0.3313694637793011 0.8490339602180975 1
-0.18979756527850924 1.7451579397953638 0
-1.3928170593126021 1.187006016225514 0
1.7198476937336946 0.5231211895413139 0
0.8237922012611621 0.1564857476890025 1
-0.7040649432781327 1.6975362915684078 0
1.074497893831918 -1.3457674056794473 0
1.834692349147403 0.4830260435606789 0
-0.9756814022854801 0.1691584025295977 1
0.7625980851431445 -0.3755938714886864 1
-0.744442344915151 0.41630772430983654 1
0.4747094237961444 0.8599470108058201 1
-1.6254316486250584 0.566037171286785 0
-0.7821436173419986 0.21666022391173492 1
-0.13612266606624235 1.767096084615946 0
-1.6479888764069426 -0.8230585834829935 0
0.9242940466554252 -0.12414262933227527 1
0.5471211295027828 0.7875938877622747 1
1.701642268075878 -0.3357601486101568 0
0.158568805872553 1.0021977106947608 1
-1.4224381083387674 1.1412024395682876 0
1.4748031384122773 1.014074020920583 0
0.721889750713413 0.374057820188391 1
-0.28323216060289136 -1.767974530470946 0
-0.07862739595753024 0.8619759615900275 1
0.49090438342270665 -0.775190871797639 1
0.4294510912733182 -0.8193494908349837 1
0.4305672830437084 -0.8070957853178597 1
0.7430988591176673 0.5692235635401688 1
1.3172036257986777 -1.2427687842937094 0
-0.5138259870756665 -0.7008053934095749 1
0.3594813289996833 -0.9016157407354835 1
0.8495124874791747 -1.5376183422204104 0
-0.8510302911330084 -0.3249978335965511 1
-0.30778989731552403 1.7362173715826466 0
-0.6631920512482756 0.5643010523317268 1
0.5021781125483303 -0.7560900610965919 1
0.5356052039368319 -0.6655922207088711 1
1.7513403263107594 -0.4010648032381218 0
1.5570294638454516 -0.7045220060824608 0
-0.5684960428101571 0.6257695001561298 1
0.7310165908204977 -0.38714257185435996 1
-0.6432588784444735 1.7143371706003891 0
-0.44954375213058306 0.7554184260285797 1
-0.24938605970958103 0.8667857208899292 1
1.5931642037846339 1.0040579384979926 0
1.7277754552826623 0.3482892827287679 0
-0.4645759130823196 1.7582567006952747 0
0.780247144537474 0.4397719927477157 1
1.7735893982076862 -0.21769178378886414 0
-0.8387571650262987 -0.19648549646010588 1
1.0562678100554472 1.4640497754814585 0
0.2930442029434438 1.7014428755984334 0
0.7986599337234829 -0.5016144530155336 1
-0.3496367920876406 1.7697028746475791 0
-1.1019183834874196 1.2821171022062978 0
1.6788044356856429 0.6577744630856772 0
0.37211510636918615 -1.6961180710373271 0
0.14434710548700846 -0.9484433590908553 1
-0.6144228972407166 -1.669753292172076 0
-1.3474884363385524 1.2375635331273442 0
-1.2563606589243925 -1.2946425393673584 0
0.8497004518976168 1.4874441447941562 0
0.9558886983757378 -0.09952069666976283 1
-0.4584789653395021 -0.9611702826022624 1
0.07694836158066982 0.8786918736391885 1
1.506985614585864 -1.0709369098259582 0
-0.9760312772835478 -0.10288416561440696 1
0.3756658765370787 0.7553999855356288 1
-0.06101178257096764 0.984563440169026 1
1.796366549058698 0.3376626984330841 0
-0.886511902423513 0.03665048707613871 1
0.6471953650454253 1.7650721215467244 0
0.15758439172562322 0.899540988223381 1
-0.8569421808139838 -0.3260309325095458 1
1.5874288774439744 -0.750580590162528 0
0.6071655235489408 0.682655721947118 1
0.39845048856985044 0.7799374899993514 1
0.44461031775376936 -1.6878488498439428 0
-0.5782501665313936 0.6364676847430686 1
0.7233092169644899 1.627979816470398 0
1.740162104367134 -0.039632818863345264 0
-0.26246468866022 -0.8247768718092197 1
-0.5208910760570116 0.8476036299075889 1
-1.6679284863361843 0.7428337188203408 0
0.07170513863724581 1.8811386486282156 0
-0.42284903848120803 -0.7677528372550829 1
-1.3863768876838152 -0.9997925652255168 0
0.691421520948164 -1.6904044988204217 0
-0.6266920175468115 0.5717187119334585 1
-1.4118442310369461 1.1411613901667848 0
-0.13065778371888256 -0.79800900799163 1
-0.5471119176854251 -0.8463554531141922 1
1.1645232739513416 1.3372925754000666 0
0.3683405948421558 -0.766058899000586 1
1.0606879760653356 -1.5438337674345433 0
-0.006449790998628337 -0.9464556769926351 1
-1.3610314338202962 1.2181047889910435 0
-1.0871703739881087 -1.4130800581595873 0
-1.5036477909587596 -0.9415957191236806 0
-0.642518096511203 -0.5349525716502013 1
-0.807778501393891 -0.481399763973276 1
-1.1737672857184083 1.2934041077484213 0
0.7527525706106272 0.3543930139462408 1
-0.9846833280164391 -0.18176522589706784 1
-0.6343146593936104 -0.5158129094889572 1
1.7396308394595479 0.42183323733699063 0
-0.8380204453673378 0.19134846062468366 1
-1.5671801365884674 0.9736068258525534 0
0.8574916342458345 0.16527294776477128 1
1.8657213514442788 0.19561485284806815 0
0.5202382852271389 0.8182112934086481 1
-0.8523126418616446 0.41542633015127534 1
1.132058818880332 1.0723456872477077 0
0.8167145424907307 0.25146217183335734 1
-0.7834196839642071 0.4541262609602678 1
0.877363216512549 -0.15495403205660027 1
-0.7873432843726091 0.320697626979618 1
-0.7496466024973384 0.438978588124947 1
0.8287708903305316 0.2735562388411021 1
-0.04275936299464059 -1.840680052970524 0
-0.34831465396497363 1.769303944404535 0
-0.8344945113368581 -0.3912918642685946 1
1.743028499283079 -0.09689269049479718 0
0.4985286546295035 -1.6895440757636595 0
0.8594171497171263 1.3954877834353574 0
1.772580632239 -0.21291412905255003 0
-0.0022604738553034937 0.9438311388652648 1
1.2488567306694602 1.4628405260152333 0
-1.8010445732146059 -0.09156113848804291 0
0.8393789711339237 1.6289554444978902 0
1.8241255178749967 0.3162562472654721 0
0.6812154552821688 -0.5753729412201012 1
-0.16356667875329875 -1.8528948782307948 0
-1.8131908449865997 0.10687645729074363 0
-1.6587852272203418 -0.03764821066334579 0
-0.12848529163194966 1.7161230198790218 0
0.15241319262839584 0.8606358153071393 1
-1.7989634476047323 0.13333365899585992 0
-0.27034104247692403 0.8873450433685435 1
-1.6942912851972993 -0.15461241170809223 0
0.7310015904321944 0.46066093156235116 1
-0.06620713402901279 -0.9838359550785345 1
-1.0179366564678831 1.483975379434112 0
-0.5875136475217991 -0.7168554632163912 1
-0.8677382730030001 0.0678978963665728 1
0.23803634182087138 1.736372916699392 0
0.043709860421298256 -1.0332722604138442 1
-0.11346415498074325 -1.8561926497509385 0
-1.7648411010437486 0.01425637171781442 0
0.19814633732380474 0.9227371572900708 1
1.6646721148250652 -0.5723617684331324 0
0.7871270580464418 0.3651346723584136 1
-0.1870670294680511 0.8314258545754369 1
-0.43009000846422973 -0.763340268798424 1
-0.9391256736211786 -0.28332279578915565 1
-0.7109983627934621 -0.5582263306076235 1
0.4646567854376785 0.789186963970332 1
-0.17490564091203278 0.8526717257716582 1
-0.78015163367961 -0.1848150668849058 1
0.7912687623141937 -0.32664927177224395 1
-0.8664026265135982 0.4108362917861278 1
-0.13211860811352935 0.8806455319514274 1
0.9660926973019596 0.24479400019617917 1
-1.6793444085224336 0.6686254645653242 0
-0.20356645521048924 1.7674107538076353 0
1.3312082391827347 1.1664760912873293 0
0.9412342859779614 -1.5040343619388459 0
0.2332810508941012 0.8119513576438097 1
0.7376867723523611 -1.755126516086455 0
-1.7690845481538264 -0.2147689901424858 0
1.2869161192784266 1.2315221585030387 0
-0.864210349472393 0.042498472182896936 1
-1.6426181084912257 -0.8759551831195019 0
0.8914047677030044 0.19379134911054424 1
-0.930193924465865 -0.11911974506476411 1
-1.3503064541388357 1.1532210238073834 0
1.5711262360162923 0.7571965412881885 0
0.24563254872099383 -0.9654396392072778 1
-0.9450744054309574 1.4889760471413522 0
0.37636545260031096 0.8851057958982644 1
0.9032383611792952 -0.34975375587842433 1
-0.8499035012822734 0.44153697342201226 1
-1.7436568447281122 -0.29031637791947845 0
-1.7463527491889517 0.6519767442896629 0
-1.1847222406755604 1.3936577904749978 0
0.8719411255720634 0.01976248038529099 1
-0.8566595750295596 0.3132064652366271 1
0.7739032126341178 -0.49899933145407643 1
0.8932551722715267 1.5756644378536495 0
0.7426248026730634 0.39303390466438065 1
1.672320257622504 0.4074021980456319 0
-0.6211727981761499 -0.4662776633664071 1
0.3703089652699251 0.8087448797691278 1
-0.8120507438764187 -1.6900284963327628 0
1.456958665049441 -1.0126319255679306 0
0.5373647486925651 1.7814261330020387 0
-0.8370456925516534 1.4601544545437057 0
1.7060821075600079 -0.5292859453584761 0
-0.28483144239256136 -1.7364024304329961 0
-0.1885438523113696 -1.8113879074963366 0
1.0347594926916377 -1.5086722006357483 0
1.685626769403144 -0.7533901433323392 0
-0.24006373176128146 -0.8543316920164274 1
-0.04000354178670459 -0.9653828391925635 1
-1.5916433690011595 -0.701307679496852 0
0.21107860758742122 0.8673649979228696 1
-0.8676468047484369 -0.2772957595113382 1
1.2885470390429923 -1.2167134151666101 0
0.8496788177293744 0.3536667862891836 1
0.8908567573548198 -0.17321790422188188 1
-0.69627664963314 -0.585934263984383 1
1.1744862193479446 1.3368656640504608 0
0.5883773511275533 0.7426590681278333 1
-1.3512473964618867 -1.0827027905153719 0
0.796851715975511 -0.36726836807776114 1
0.9036666202081568 0.012107817207317881 1
-0.26449068448858337 0.8327171925023996 1
1.0035530425720143 1.480665799896032 0
0.7594678356821785 0.2751544319709101 1
1.5088799574214073 1.0769640976337582 0
0.5792088869064416 0.5936302291222096 1
-0.3207898262311379 -1.7611658570730362 0
0.5329663486099694 0.6091506999807961 1
0.12939139736768626 1.854356220930726 0
1.3309999103413972 1.1252898783753504 0
-0.15078685388436502 -1.7604554722896875 0
1.628324602170159 -0.6279680805463885 0
-1.5675095055960058 0.8744290245970312 0
0.6676844457522324 -0.590671407568114 1
0.47429819956617314 -1.6329934693962407 0
-0.7957837313116107 0.1746665538055502 1
0.5484279890176759 -1.6865814204014937 0
-1.2178592265744361 1.3747453456163758 0
-0.5134998381589175 0.715917562245941 1
0.4377546888726394 -0.7312368779273087 1
0.8634096712288327 0.07628253354908644 1
0.7070663125865215 0.5286914425661476 1
-0.6295840737532363 -0.6307240513089911 1
-0.002778983957529893 -1.7290708223874098 0
1.5896545452391184 -1.0178922305778673 0
