-0.677999 -0.698757 1
0.931437 0.191391 1
0.548291 -0.006017 1
0.872837 0.375023 1
0.435427 -0.294726 1
-0.536253 -0.163471 1
0.935534 -0.069950 1
0.159219 0.971415 1
-0.611547 0.751418 1
0.423040 -0.268125 1
0.173147 -0.458363 1
-0.219125 -0.398849 1
0.096109 -0.519602 1
-0.104486 0.942077 1
0.967687 -0.174183 1
0.754242 -0.621617 1
-0.043996 -0.531987 1
0.430365 -0.355165 1
-1.027807 0.155325 1
-0.228548 0.382529 1
0.071758 0.989000 1
0.655803 -0.812775 1
0.758490 0.629618 1
-0.866656 -0.497841 1
-0.520035 0.072190 1
0.394909 0.221529 1
-0.480141 -0.098754 1
-0.184218 -0.921755 1
0.101596 0.524727 1
-0.140615 -0.420062 1
0.305418 -0.305836 1
-0.850260 0.502583 1
-0.520933 -0.010492 1
0.157637 0.523338 1
-0.434189 0.023918 1
0.316513 -0.394525 1
-0.603595 -0.675230 1
0.120921 -0.969693 1
-0.699461 -0.700145 1
-0.829813 0.384497 1
-0.450135 -0.285030 1
0.342891 -0.455510 1
0.531814 0.031431 1
0.738477 -0.657938 1
-0.615457 0.768498 1
-0.378752 -0.893043 1
-0.469287 0.170619 1
0.940516 -0.345081 1
0.280564 0.318425 1
-0.375463 -0.387242 1
0.513356 0.249786 1
-0.461774 -0.224138 1
0.053183 -0.948771 1
0.070808 -0.380032 1
-0.160072 -0.895151 1
-0.027487 -0.554549 1
0.912894 -0.342490 1
-0.441389 -0.890764 1
0.454790 0.032809 1
-0.506644 0.080482 1
-0.734677 -0.666446 1
0.860849 0.554751 1
-0.456707 0.221557 1
-0.331154 0.969166 1
0.035349 0.466655 1
-0.008867 0.516405 1
-0.312811 -1.016868 1
-0.331718 -0.439313 1
-0.753690 -0.642232 1
-0.546627 0.079896 1
0.914886 0.087661 1
-0.946636 -0.593912 1
0.407068 0.108282 1
-0.409579 0.293544 1
0.418979 0.871143 1
-0.079673 -0.959064 1
0.022271 0.492024 1
-0.128445 1.034038 1
0.296129 0.927400 1
0.221448 -0.372743 1
0.423269 -0.212434 1
-0.924347 -0.351271 1
-0.605629 -0.715164 1
-0.765676 -0.728862 1
0.338073 0.372803 1
-0.428441 0.807283 1
0.333686 -0.263154 1
-0.524092 -0.848993 1
-0.038609 -0.995680 1
-0.984526 0.046951 1
0.210340 -0.985424 1
0.008886 -0.996032 1
-0.659499 0.594582 1
0.971926 0.224894 1
-0.353677 -0.235196 1
-0.057825 -0.566347 1
0.871634 -0.633181 1
-0.321464 0.931368 1
0.984817 0.281003 1
0.087167 0.529270 1
-0.388277 0.193739 1
0.179648 -0.497591 1
0.551416 0.873007 1
0.057045 0.497796 1
-0.573832 0.033362 1
0.074692 0.579820 1
-0.952958 0.325481 1
-0.732914 -0.528069 1
0.248820 -0.956671 1
-0.511009 0.180196 1
-0.015967 1.037271 1
0.961245 0.087256 1
0.924577 0.380657 1
0.694589 0.584797 1
-0.168396 -0.486705 1
0.112856 0.455664 1
0.905957 0.235716 1
-0.193360 -0.380150 1
0.428584 0.279267 1
-0.129808 -1.006865 1
0.849347 0.433455 1
0.958172 -0.407165 1
-0.684629 -0.698642 1
-0.303698 -0.935910 1
-0.605071 -0.870112 1
-0.171775 0.504553 1
-0.941087 -0.363499 1
-1.026895 -0.176613 1
0.251774 -0.375210 1
-0.039233 0.508237 1
0.598627 0.161475 1
0.150253 0.467936 1
-0.158063 0.993672 1
-0.174484 -0.490936 1
0.797353 -0.570802 1
-0.880238 0.581656 1
0.248483 0.975321 1
-0.764439 0.640960 1
-0.555157 0.222931 1
0.398577 -0.875908 1
-0.908205 0.407285 1
0.539886 -0.845203 1
0.162116 0.440918 1
0.481715 0.116853 1
-0.049455 0.973072 1
-1.094953 -0.026592 1
0.081761 -0.882492 1
-0.935893 0.378655 1
0.397561 -0.169954 1
0.974016 0.059282 1
-0.854687 0.659927 1
-0.468957 -0.282842 1
0.980104 0.249931 1
0.086943 0.513643 1
0.541957 0.144448 1
-0.019935 0.411957 1
0.495279 -0.184585 1
-0.992969 0.072164 1
-0.045094 0.469167 1
0.909351 -0.449186 1
-0.225598 -0.473253 1
0.865109 -0.496428 1
-0.227253 0.997429 1
-0.461060 -0.179750 1
0.254634 -0.391796 1
0.162349 0.399205 1
-0.547372 0.199308 1
0.432875 -0.288995 1
-0.838898 0.395562 1
0.985178 0.197549 1
-0.866028 -0.502550 1
0.507851 0.173829 1
0.380959 -0.212232 1
-0.084691 1.016472 1
-0.222872 0.397240 1
-0.900582 -0.474540 1
0.237292 0.830083 1
-0.462334 -0.958491 1
0.294507 -0.392424 1
0.660606 -0.680099 1
-0.852687 0.549440 1
-0.307098 0.859804 1
0.986497 -0.286053 1
1.072890 -0.014782 1
0.347051 -0.952041 1
0.792057 0.622892 1
0.856374 -0.659352 1
0.716643 0.739131 1
-0.949822 -0.413830 1
0.439084 0.973049 1
-0.901443 0.473575 1
-0.417679 -0.292204 1
-0.401663 0.230490 1
-0.770459 -0.624693 1
0.104649 -0.419057 1
-0.351992 0.925476 1
-0.461885 0.081054 1
0.776156 0.563417 1
-0.609453 0.776124 1
-0.869826 0.611030 1
-0.936343 -0.250396 1
0.947641 0.195189 1
0.172001 0.505505 1
0.670847 0.722337 1
-0.128180 0.382630 1
0.084943 0.970973 1
0.502432 0.836911 1
-0.765820 -0.598353 1
0.267783 -0.953261 1
-0.136963 0.505817 1
0.526329 0.006974 1
0.033778 -1.002287 1
1.060646 0.045413 1
0.500939 -0.059420 1
-0.440592 -0.186962 1
-0.725037 -0.670232 1
-0.259295 -0.395699 1
0.356994 0.302502 1
0.411269 -0.865534 1
-0.459595 0.127022 1
0.187557 0.503566 1
0.350990 0.962713 1
0.946578 -0.211255 1
0.599337 -0.842506 1
-0.186974 -1.057288 1
-0.781941 -0.518192 1
0.504377 -0.112438 1
-0.424958 -0.131915 1
-0.988047 -0.290393 1
0.583738 0.762403 1
0.905616 -0.191904 1
0.122915 -0.478367 1
0.321184 -0.380730 1
0.925293 -0.452892 1
0.177570 -0.932051 1
0.285047 0.423628 1
-0.506985 -0.110505 1
0.482756 -0.083604 1
-0.308917 1.035905 1
-0.486191 -0.079374 1
-0.109448 0.483735 1
0.927042 0.372615 2
-0.227088 0.396412 2
0.194856 -0.431768 2
0.807127 0.410153 2
-0.487039 -0.197967 2
-0.015964 -0.483816 3
-0.275203 -0.955066 3
-0.322384 0.299988 3
-0.680302 0.686720 3
0.300083 -0.209034 3
0.768799 -0.659106 3
-0.316121 0.841761 3
-0.100478 0.441617 3
-0.317351 0.463191 3
-0.168533 -0.524660 3
-0.210372 0.910182 3
0.380473 -0.301154 3
1.059209 -0.238330 3
-0.437668 0.260651 3
-0.918127 -0.625615 3
0.661263 -0.592862 3
0.208281 0.511717 3
-0.862470 0.560693 3
-0.357175 -0.253458 3
0.419587 -0.862857 3
0.075456 -0.499759 3
-0.112886 0.495239 3
-0.947117 0.115546 3
-0.386086 -0.093426 3
0.397381 -0.358283 3
0.586201 -0.039841 3
0.373323 -0.211077 3
0.523411 -0.313837 3
-0.302930 0.392802 3
-0.373475 -0.972741 3
-0.535744 -0.111344 3
0.030460 0.952755 3
-0.833726 0.623528 3
0.330402 -0.415524 3
0.198183 -0.417874 3
0.419158 -0.220807 3
0.243254 -0.480818 4
-0.164164 0.447863 4
-0.356430 0.316113 4
0.960673 -0.532562 4
-0.217009 0.399249 4
-0.182977 -0.968204 4
-0.486861 0.001070 4
-0.998201 0.285770 4
-0.258566 -0.348945 4
1.001401 -0.083753 4
0.899496 0.399639 5
-0.029120 -1.011456 5
-0.510889 -0.033808 5
-0.236222 1.014309 5
-0.025134 0.500611 5
-0.177920 0.445065 5
0.458141 -0.109140 5
-0.764946 -0.621198 5
0.486058 -0.860182 5
0.727380 -0.663891 5
-0.896435 0.431432 5
0.353965 0.906513 5
0.494337 -0.865661 5
-0.677504 -0.798777 5
0.981943 0.348849 5
-0.417313 0.230326 5
-0.534694 0.085594 5
-1.036211 0.138269 5
0.470304 0.116420 5
-0.758203 -0.634538 5
0.298848 0.459691 5
0.866894 -0.494182 5
-0.887719 -0.376569 5
-0.462029 -0.263352 5
0.098598 0.485244 5
-0.420278 -0.214920 5
0.946167 0.515926 5
-0.341843 0.925878 5
-0.867367 0.397898 5
0.402215 0.293868 5
-0.512864 -0.231789 5
0.547200 -0.109036 5
0.906324 0.490822 5
-0.109815 0.497706 5
-0.088632 -1.021199 5
-0.290762 -0.932944 5
-0.394197 0.256479 5
-0.287780 0.253140 5
-1.011401 -0.038588 5
0.360575 0.294392 5
-0.297505 -0.231839 5
0.864790 0.276511 5
-0.660445 0.812650 5
-0.193294 0.544461 5
0.406888 -0.296968 5
0.605198 0.862784 5
0.216620 -0.431742 5
-0.519715 0.175320 5
-0.836740 -0.527318 5
0.544606 0.854625 5
-0.075076 1.107216 5
-0.355730 0.390136 5
0.178468 -0.516520 5
-0.414952 0.230035 5
-0.400819 0.301432 6
0.047976 -0.430378 6
0.045276 -0.968817 6
0.173568 -0.500156 6
0.412780 0.205282 6
-0.179633 -0.530022 6
-0.492470 -0.942870 6
-0.842717 0.046667 6
0.253652 -0.423416 6
-0.175362 -0.491158 6
-0.251316 -0.452699 6
0.347521 -0.337458 6
-0.428995 -0.840094 6
0.455201 0.287714 6
0.226316 -0.935593 6
0.834339 0.359791 6
-0.051508 -0.432374 6
-0.151291 -0.915884 6
0.746569 0.736690 6
0.254548 0.416879 6
-0.446322 -0.292015 6
-0.145351 -0.490869 6
0.896341 0.382621 6
-0.299118 0.359764 6
0.783893 0.606463 6
-0.605867 -0.777543 6
0.104327 -0.497191 6
1.010678 -0.084427 6
0.134126 -0.483766 6
-0.432429 0.846934 6
0.814122 -0.561370 6
0.953933 -0.213570 6
0.220573 -0.982055 6
0.012950 0.994213 6
0.211678 0.947325 6
0.183041 -0.410490 6
-0.841034 0.397786 6
0.974489 0.088833 6
-0.183430 -0.928581 6
0.306613 -0.350987 6
-0.622288 -0.834056 6
0.019717 -1.008886 6
-0.476608 -0.078728 6
-0.979638 -0.093796 6
0.218740 0.481157 6
-0.352026 -0.354291 6
0.317821 -0.236924 7
0.419291 0.326369 7
-0.549357 0.053576 7
0.508234 -0.296205 7
0.725601 -0.751717 7
-0.088771 -0.456016 7
1.046336 0.000276 7
-0.215564 0.455457 7
-0.508651 0.056324 7
0.510434 -0.888738 7
0.117664 0.525736 7
-0.380721 0.227415 7
0.478517 -0.122766 7
-0.424344 0.233289 7
0.454687 -0.876208 7
-0.441405 0.146215 7
0.163840 0.382482 7
0.569654 0.085293 7
-0.986534 -0.478661 7
-0.387836 -0.916126 7
-0.127072 0.426384 7
-0.199391 -0.526146 7
-1.035742 -0.196234 7
-0.051233 -0.465139 7
-0.428369 -0.047364 7
-0.476371 -0.138416 7
0.426817 0.215754 7
0.495331 0.191533 7
0.415164 -0.263429 7
0.838259 -0.494880 7
0.750893 -0.689373 7
-0.495794 -0.109527 7
0.234781 0.427291 7
0.155417 -0.399608 7
0.566996 -0.760463 7
-0.507943 0.806253 7
1.000322 -0.297023 7
0.835510 -0.638754 7
0.437386 0.350652 7
-0.776158 -0.490757 7
0.347571 0.509521 7
-0.477439 0.861656 7
-0.971329 -0.370001 7
-0.400733 -0.190103 7
-0.545942 0.905461 7
-0.433641 0.166344 7
0.073579 -0.504871 7
-0.603776 -0.867520 8
0.208232 -0.473395 8
-0.877820 -0.402422 8
-0.417911 -0.364646 8
0.417578 -0.186013 8
-0.295229 0.385251 8
0.048779 -0.436437 8
-0.379831 -0.251605 8
-0.049125 -0.601650 8
-0.421046 -0.131185 8
-0.037624 0.385958 8
-0.301450 -0.845250 8
-0.322129 0.373384 8
-0.017798 -0.996371 8
0.602488 -0.794054 8
0.695779 -0.742608 8
-0.410989 0.360557 8
-0.079627 0.584187 8
0.479044 -0.180925 8
-0.985729 -0.388357 8
-0.019055 0.964549 8
-0.399048 0.911348 8
-0.007990 -0.410155 8
0.064184 -0.515430 8
0.448937 -0.223400 8
-0.490115 0.138612 8
0.243716 0.462987 8
0.859155 0.444468 8
0.202435 -0.499262 8
0.008052 -0.515216 8
0.656704 -0.730802 8
0.409827 0.298936 8
-0.046320 0.441092 8
0.446148 0.022525 8
0.133035 -0.973219 8
0.747157 0.652588 8
-0.767683 -0.669115 8
-0.427130 -0.249255 8
-0.447851 0.161126 8
0.902155 0.358619 8
-0.262299 -0.378197 8
-0.382379 0.753528 8
0.470632 -0.157226 8
-0.734169 0.627161 8
0.923239 -0.476153 8
0.870001 -0.471650 8
-0.651064 0.704730 8
0.020101 0.434650 8
-0.070438 -0.978500 8
-0.984267 -0.157078 8
-0.673376 0.755563 8
-0.413699 0.159980 8
-0.526451 -0.756120 8
0.577600 -0.067938 8
-0.541985 -0.013614 8
0.648841 -0.753135 8
-0.707874 0.714192 8
-0.399472 0.375041 8
0.303638 0.409792 8
-0.988832 -0.119125 8
-0.662159 0.764752 8
-0.974710 -0.334435 8
-0.059847 -0.547556 8
-0.926454 0.237144 8
-0.714904 -0.642235 8
-1.061997 0.144262 8
0.499472 -0.093872 8
0.436698 0.456442 8
-0.145575 -1.015787 8
-0.833640 0.415878 8
-0.538611 -0.130033 8
-0.047882 0.988187 8
0.547303 0.059564 8
-0.152244 0.482598 8
0.883323 0.551497 8
-0.525826 -0.899296 8
0.940643 0.079329 8
0.159549 0.471706 8
-0.431122 -0.869814 8
-0.420376 -0.284674 8
0.964114 -0.316045 8
0.090721 -0.510467 8
0.846677 0.421471 8
-0.323696 0.388932 8
0.360118 -0.342293 8
-0.906269 -0.332858 8
-0.172270 -1.003398 8
-0.112386 1.012097 8
-0.896784 0.373224 8
-0.590284 -0.778550 8
0.344965 0.363182 8
-0.159235 -0.389218 8
-0.310178 -0.937732 8
0.463532 -0.206673 8
-1.018857 -0.336616 8
0.408806 -0.958345 8
-0.310498 0.345931 8
0.280534 -0.966998 8
-0.091346 -1.035662 8
0.446762 0.183808 8
-0.680360 -0.779284 8
-0.360954 -0.363679 8
0.447993 0.825974 8
1.035206 0.125413 8
-0.504644 0.190076 8
0.272663 -0.291740 8
-0.679006 -0.716972 8
-0.007885 -1.023776 8
-0.264651 0.328191 8
0.477003 0.287399 8
-0.301861 -0.394858 8
0.702429 0.728898 8
0.822623 0.486387 8
-0.551961 -0.016652 8
-0.054259 0.506988 8
-0.987546 -0.179947 8
0.175134 0.892756 8
-0.330313 0.372251 8
0.174161 -0.529993 8
-0.996708 0.234108 8
-0.006552 1.115930 8
-0.481870 -0.177124 8
-1.037933 0.089382 8
0.649831 0.885337 8
0.744833 -0.413087 8
-0.488744 0.812116 8
-0.136410 0.569903 8
-0.902982 0.431387 8
-0.090668 0.423669 8
-1.032578 -0.110512 8
-1.066994 0.210198 8
-0.633369 0.805055 8
-0.945786 0.142619 8
-0.471333 -0.166392 8
-0.439499 0.337179 8
0.293864 -0.372854 8
0.933753 -0.247618 9
0.438968 -0.344030 9
1.025843 0.083377 9
0.848692 0.409470 9
0.385671 -0.312714 9
-0.353101 -0.505543 9
0.500672 0.207075 9
-0.992602 0.094303 9
0.481475 0.167595 9
0.536283 -0.134784 9
0.196846 -0.467952 9
0.935402 -0.133775 9
0.750427 -0.669785 9
0.699906 0.707980 9
-0.369993 -0.414249 9
0.024423 -0.480681 9
-0.040300 1.005000 9
0.082553 1.020216 9
0.082123 -0.496301 9
0.453136 -0.225144 10
0.921309 -0.304055 10
0.413877 0.208432 10
-0.201807 -0.975618 10
0.994212 -0.090429 10
0.794808 0.610930 10
-0.481421 0.123685 10
-0.916295 -0.248705 10
-0.720330 0.821486 10
0.218266 -0.962246 10
-0.880411 -0.105727 10
0.061270 -0.464201 10
0.459177 0.925891 10
-0.653836 0.805294 11
0.467594 0.137074 11
-0.276385 -0.395558 11
0.734202 0.722302 11
0.375361 0.189260 11
0.193504 -0.353737 11
-0.104672 0.429293 11
-0.532233 -0.278900 11
0.522314 0.003217 11
-0.753675 0.663684 11
-0.637161 0.801987 11
0.473039 -0.128132 11
0.892201 -0.510702 11
-0.220471 -0.451811 11
0.520514 -0.090235 11
-0.802982 -0.344827 11
0.083527 0.467431 11
-0.958861 0.135801 11
0.359597 -0.898957 11
-0.478897 0.969480 11
0.083039 -0.494771 11
0.971488 -0.324155 12
-0.152730 -0.554838 12
-0.111315 0.523428 12
-0.429918 0.334627 12
0.426713 0.199641 12
-0.945873 -0.015962 12
-0.618717 -0.577649 12
0.665114 0.811857 12
-0.370519 -0.430923 12
-0.176774 -0.462536 12
0.795572 -0.468388 12
-0.456108 -0.196354 12
-0.468823 -0.927027 12
0.698177 -0.717687 12
-0.483736 0.062662 12
-0.075897 -0.515180 12
0.250325 0.378778 12
0.074739 0.568741 12
-0.970513 0.072880 12
0.511300 -0.015676 12
-1.014409 -0.123089 12
-0.179697 1.044341 12
0.886630 0.497947 12
-0.323735 -0.465294 12
0.386387 0.369443 12
-0.670069 0.730704 12
-0.055726 -0.484028 12
0.496090 0.073803 12
-0.461010 -0.114447 12
-0.385740 0.377162 12
0.462717 0.211399 12
-0.217345 -0.912625 12
-0.722023 -0.762705 12
-0.465836 -0.210400 12
-0.155215 -0.449592 12
0.183616 -0.372897 12
-0.336088 -0.479256 12
0.043281 1.047885 12
0.485354 0.051776 12
1.014635 -0.009731 12
0.011073 -0.550879 12
-0.916356 0.510771 12
-0.221729 1.033860 12
-0.083329 0.511366 12
0.173632 -0.380025 12
-0.083335 0.510564 12
-0.255195 0.507867 12
-0.257340 -0.992995 12
-0.534572 0.904511 12
0.959089 0.332995 12
0.710885 -0.668363 12
-0.457090 -0.119187 12
-0.371356 0.843448 12
0.176817 0.509167 12
-0.125945 0.481280 12
-0.210094 0.479303 12
0.025689 -0.471464 12
-0.138035 0.420077 12
-0.555670 0.801908 12
0.682827 0.730237 12
0.940400 0.164225 12
0.422610 -0.140270 12
0.258934 0.403768 12
0.392850 0.308711 12
-0.353735 0.337216 12
0.241158 0.403967 12
0.486632 -0.203836 12
-0.040170 -0.976753 12
-0.277386 0.329737 12
-0.451354 -0.186307 12
-0.334577 -0.985400 12
0.542603 -0.892565 12
-0.567149 -0.784833 12
0.428929 -0.248270 12
-0.296177 0.442089 12
0.976838 -0.136481 12
0.493476 0.085780 12
0.468365 -0.081299 12
-0.530079 0.075962 12
-0.920270 0.015242 12
0.010270 0.422162 12
-0.299807 0.859004 12
-0.974349 -0.338235 12
-0.139248 0.940724 12
0.721951 0.578520 12
-0.064088 1.036968 12
-0.579669 -0.800171 12
0.428870 0.165491 12
0.354812 1.071620 12
0.400755 0.106264 12
-0.898130 0.482274 12
-0.304259 -0.369392 12
0.220212 0.323096 12
-0.781949 -0.623955 12
0.367734 0.876235 12
-0.253624 -0.411581 12
-0.357577 -0.178154 12
-0.372693 -0.198908 12
-0.406149 0.355235 12
-0.153364 -0.539393 12
1.017186 -0.062682 12
0.344752 -1.036994 12
0.308680 0.384987 12
-0.089193 -0.509445 12
0.768380 0.636211 12
0.291620 1.075851 12
-0.513505 0.148544 12
-0.495245 -0.205787 12
-0.358480 -0.354498 12
0.446033 0.929607 13
-0.463365 0.176340 13
0.525788 0.047947 13
-0.957993 -0.154614 13
0.349895 0.850708 13
-0.083150 0.468088 13
-0.902392 -0.379334 13
-0.284484 0.252711 13
0.008046 0.491875 13
-1.069040 -0.235484 13
0.541315 0.070689 13
0.401161 -0.320203 13
0.245583 0.542472 13
0.041052 0.518707 13
-0.899949 0.165900 13
0.674320 0.786183 13
0.495284 -0.815471 13
0.127167 -0.951990 13
1.006253 0.305377 13
-0.660674 -0.778331 13
0.331870 0.928536 13
0.306922 -0.485999 13
0.280189 0.943400 13
-0.055382 -1.077626 13
0.241309 0.475105 13
0.094016 0.573092 13
-0.394661 -0.896598 13
-0.427261 0.169856 13
-0.275674 -0.471098 13
-0.402323 0.915196 13
-0.279216 0.462328 13
-0.413871 0.920625 13
0.048175 -0.470363 13
-0.562606 -0.035914 13
-0.320784 0.453396 13
0.731346 -0.770326 13
0.265057 -1.069975 13
0.099509 0.501058 13
-0.501528 -0.195086 13
0.809791 0.513727 13
0.335598 -0.427183 13
0.053389 0.953207 13
-0.319600 0.920113 13
0.001808 0.911417 13
-0.369341 -0.383086 13
-0.119685 0.474283 13
-0.187143 0.474779 13
-0.325911 -1.025640 13
0.865542 -0.618800 13
0.090815 0.419351 13
-0.369454 0.294803 13
-0.482744 0.221822 13
0.445478 0.125008 13
-0.966671 -0.026235 13
-0.173210 -0.453061 13
0.302727 -0.503564 13
-0.970381 0.344969 13
0.318373 0.398460 13
-0.557221 0.844919 13
0.983052 -0.000581 13
-0.551473 0.912465 13
0.515336 0.054156 13
0.928300 0.361197 13
0.496398 -0.063496 13
-0.077390 -1.016462 13
0.525593 0.879311 13
0.581996 0.123192 13
0.627640 -0.678406 13
-0.345232 0.331676 13
0.899028 -0.373113 13
0.702078 0.673463 13
-0.521317 0.060243 13
-0.601738 -0.803358 13
0.398823 -0.085422 13
0.032989 0.474670 13
0.800714 -0.591061 13
0.986086 0.165684 13
-0.388703 0.894500 13
1.032332 0.449815 13
0.192942 0.867326 13
-0.771062 -0.519478 13
1.005554 -0.117033 13
0.461506 0.288624 13
-0.154530 -0.544829 13
-0.486015 0.118645 13
0.376450 0.309615 13
-0.806289 0.630394 13
-0.319940 0.411189 13
0.051525 1.040204 13
0.950788 -0.421353 13
0.701025 -0.743509 13
0.112522 -0.535038 13
-0.759595 0.698365 13
0.491356 -0.121127 13
-0.127814 -0.417265 13
0.514028 0.048678 13
-0.035365 -0.488239 13
-0.305626 -0.487870 13
-0.051946 0.474658 13
0.744777 -0.663359 13
0.299279 -0.377281 13
0.550034 0.198919 13
-0.166453 0.913321 13
-1.021316 0.299421 13
-0.827893 0.606640 13
-0.187675 0.969991 13
0.449252 -0.085263 13
-0.767316 0.634944 13
-1.024035 -0.060637 13
0.168887 0.941176 13
-0.897486 -0.361963 13
-0.332873 0.966020 13
0.392346 -0.897803 13
1.044408 0.227324 13
-0.367036 -0.838350 13
-0.504571 0.032648 13
0.780275 0.532232 13
0.679892 0.708961 13
-0.439129 -0.124304 13
-0.956624 -0.122037 13
0.354346 0.379391 13
1.030654 -0.035462 13
-1.006929 0.022802 13
-0.518946 0.771745 13
-0.219357 -0.371995 13
-0.194638 0.431672 13
-0.805356 0.600714 13
0.050899 -0.462852 13
0.432222 -0.317450 13
-0.988473 -0.345247 13
0.461139 -0.209826 13
0.061760 0.481055 13
0.984321 0.331883 13
-0.192602 0.996800 13
-0.221280 -0.940993 13
0.219954 -0.490378 13
-0.604191 -0.877882 13
0.238072 -0.935167 13
0.700646 0.642798 13
-0.448660 -0.875638 13
-0.679051 0.704965 13
-0.323195 -0.334981 13
0.290347 0.329250 13
0.802618 0.552108 13
0.035006 -0.933954 13
0.094873 1.014236 13
-0.461481 0.032805 13
0.374549 -0.395426 13
-0.497669 -0.866975 13
0.564980 0.771422 13
-0.755256 0.591953 13
0.853036 0.620307 13
0.881031 0.368812 13
-0.519580 0.063204 13
0.516245 0.100368 13
0.450105 0.087523 13
-0.208434 -0.373102 13
-0.311449 0.278894 13
0.403683 -0.356229 13
-0.973683 0.398929 13
0.201784 -1.004757 13
0.558343 -0.740753 13
0.034402 -0.950940 13
0.245965 0.440794 13
0.355503 -0.430036 13
0.553435 -0.246366 13
-0.991333 -0.317265 13
0.642115 -0.854216 13
0.550148 0.024761 13
0.451398 -0.191057 13
-0.208500 -0.514551 13
-0.722274 0.709757 13
0.089467 -0.505752 13
0.320688 0.183011 13
0.496722 -0.891702 13
-0.372067 -0.909623 13
0.241996 1.051972 13
-0.958143 0.275267 13
0.370231 -0.298906 13
-0.597011 -0.848203 13
0.931080 0.414752 13
1.010476 -0.086310 13
0.487209 0.864507 13
0.555038 0.054017 13
-0.704031 -0.667664 13
-0.154694 -0.474038 13
0.133300 0.494701 13
0.090005 -0.476426 13
-0.019342 0.399014 13
-0.869800 -0.489999 13
0.035840 1.031111 13
0.018195 -0.985033 13
-0.299542 -0.310752 13
-0.899981 -0.395739 13
-0.899360 0.402692 13
0.585884 -0.779693 13
0.809335 -0.638818 13
-0.974411 0.258079 13
-0.721276 -0.608132 13
-0.184171 0.384248 13
1.066470 0.177712 13
0.132497 0.506993 13
-0.457500 0.056175 13
-0.470025 0.082220 13
0.435519 -0.092114 13
0.301192 -0.468054 13
-0.378981 0.312109 13
0.363742 -0.411328 13
-1.008506 0.203303 13
-0.738627 -0.745201 13
-0.899889 0.537853 13
0.451594 0.087341 13
0.028924 -0.527891 13
-0.835159 -0.554372 13
0.134479 0.926280 13
0.948206 -0.445523 13
0.474911 -0.056195 13
0.511050 0.918605 13
0.460029 0.299129 13
-0.178995 -0.395847 13
-0.413853 -0.332490 13
0.429056 0.315831 13
0.744840 0.635992 13
0.009672 0.490753 13
-0.370538 -0.237352 13
-1.003524 0.295700 13
-0.929624 -0.184736 13
-0.314313 -0.366878 13
-1.014434 -0.121328 13
-0.989514 -0.080057 13
0.225726 0.533268 13
-0.028389 -0.531210 13
0.596054 0.875477 13
-0.231779 -0.522481 13
-0.481723 -0.038715 13
-0.252789 1.029409 13
-0.097026 -0.428761 13
0.944188 0.195783 13
-0.312067 -0.290475 13
0.533306 0.040163 13
-1.064723 -0.110085 13
-0.540323 0.805300 13
-0.453397 0.841064 13
-0.522874 0.117572 13
0.909542 0.319463 13
0.233413 -0.948346 13
0.735792 -0.565654 13
-0.426096 -0.860008 13
0.306204 -0.376464 13
0.513797 -0.080315 13
-0.567029 0.050771 13
-0.357161 0.433139 13
-0.367562 -0.336762 13
0.612312 0.832645 13
-0.332439 0.381784 13
-0.954311 -0.024405 14
0.216949 0.519744 14
0.488314 -0.871015 14
-0.245132 0.410721 14
0.351714 -0.924785 14
-0.031865 -0.433848 14
-0.365679 0.446656 14
0.478104 -0.866874 14
0.455618 0.247756 14
0.169163 0.419925 14
0.840899 -0.674092 14
0.221998 -1.013374 14
-0.392459 0.340925 14
1.028387 -0.204017 14
0.131400 0.948343 14
0.939001 -0.675875 14
-0.460551 0.884335 14
0.876336 -0.446613 14
-0.419194 0.009156 14
-0.369248 0.247624 14
-0.305214 -0.466132 14
0.266818 0.474927 14
0.953633 -0.318703 14
0.482722 -0.107249 14
-0.904048 0.507719 14
0.439848 0.907631 14
0.084049 -0.529169 14
0.237457 0.995416 14
-0.173878 -0.395430 14
0.450156 -0.958853 14
0.336825 0.991952 14
0.460242 0.869154 14
-0.333714 0.428898 14
0.366839 0.321966 14
0.391169 0.104227 14
0.447770 -1.028608 14
0.540066 -0.119012 14
-0.243343 -0.398468 14
-0.917746 -0.338820 14
0.721882 0.753841 14
1.001621 -0.088740 14
-0.984483 0.264624 15
-0.360019 -0.382035 15
0.405406 0.317800 15
0.406108 0.319288 15
0.473152 0.028579 15
-0.074484 0.556967 15
0.010953 -0.566084 15
0.393257 -0.414675 15
0.407159 -0.223823 15
-0.417633 0.189307 15
0.678347 -0.728900 15
0.577653 0.773425 15
0.466233 0.230573 15
-0.163636 0.487134 15
0.370502 -0.277420 15
-0.740525 -0.636081 15
-0.433690 0.296692 15
0.202976 -0.938022 15
-0.415849 0.220315 15
-0.449295 0.203081 15
-0.495797 -0.817518 15
0.874216 -0.377343 15
-0.983755 -0.015402 15
-0.124427 0.601232 15
-0.485739 -0.245096 15
-0.878236 -0.182226 15
-0.881333 -0.318121 15
-0.390600 -0.350182 15
0.081729 0.996557 15
0.891666 -0.478845 15
0.365114 0.226572 15
-0.881245 -0.513695 15
0.508938 -0.062032 15
-0.101059 -0.463196 15
1.010469 -0.165137 15
-0.607886 0.667311 15
-0.464874 0.107424 15
-0.531313 0.003952 15
0.595537 -0.764054 15
0.942425 -0.125652 15
-0.648483 -0.918233 15
0.916670 -0.556077 15
0.992609 0.002324 15
-0.046385 0.556241 15
-0.476001 -0.206958 15
-0.454945 -0.227882 15
-0.983195 0.413575 15
0.583945 0.884536 15
-0.190500 0.906293 15
0.330712 0.300851 15
-0.495760 0.988711 15
0.543964 -0.059297 15
-0.358287 -0.264572 15
0.223275 -0.534666 15
-0.541845 -0.122202 15
-0.125065 -0.433062 15
-1.016218 0.029935 15
-0.504339 0.866565 15
0.950125 -0.121832 15
0.980363 0.267497 15
0.394181 0.391181 15
0.230903 -0.407107 15
0.849827 -0.484925 15
-0.536631 -0.184924 15
0.984419 0.065796 15
0.461853 0.934906 15
0.416901 0.334080 15
-0.946590 0.205127 15
-0.741713 0.615476 15
0.926394 -0.376759 15
-0.284763 0.318066 15
-0.080446 -0.463094 15
-0.992389 0.046124 15
-0.276708 -0.440953 15
-0.332416 0.924615 15
-0.945089 0.287879 15
-0.103122 -0.462234 15
0.311354 -1.044021 15
-0.771181 -0.637471 15
0.770971 0.518756 15
-0.086222 0.427731 15
-0.466227 0.872673 15
0.690939 -0.785689 15
0.548732 0.800597 15
0.444045 -0.086904 15
0.391039 -0.378106 15
0.142521 -0.958676 15
0.510387 0.929678 15
-0.284864 0.497143 15
-0.408416 -0.285712 15
0.281564 0.351807 15
0.992714 -0.332831 15
0.454432 0.869861 15
-0.258281 0.304245 15
-0.325406 -0.344919 15
0.984775 0.074724 15
-0.477904 -0.909029 15
0.320254 0.409001 15
-0.042222 0.379767 15
0.614195 -0.827724 15
0.040221 0.326742 15
-0.274337 -0.345170 15
-1.003709 -0.250561 15
0.474003 -0.110149 15
-1.077146 0.193423 15
0.327366 0.945689 15
-1.027258 0.302112 15
-0.897435 0.588510 15
0.106834 -0.419810 15
0.357477 -0.950413 15
-0.460222 -0.307745 15
-0.659331 0.726169 15
-0.125560 -0.463263 15
0.445107 -0.157654 15
-0.568031 0.195085 15
-1.014986 -0.235421 15
-0.701418 -0.750731 15
-0.405717 -0.894773 15
-0.179560 -1.004727 15
-0.220206 0.435017 15
0.053922 0.467573 15
-0.348787 -0.169544 15
-0.053541 -1.082162 15
0.116742 -0.524175 15
-0.353469 -0.342156 15
-0.542439 -0.043689 15
-0.026337 0.517938 15
0.217994 0.920258 15
-0.981648 0.315322 15
0.905878 0.451923 15
-0.464861 0.070224 15
0.360896 -0.342396 15
0.418600 -0.258813 15
-0.806425 -0.662186 15
0.271735 0.433591 15
-0.422813 -0.256724 15
0.109504 -0.457610 15
0.149350 -0.490384 15
-0.899182 -0.470314 15
0.467307 0.061304 15
0.243285 0.333500 15
0.307520 -0.408844 15
0.428611 0.307305 15
-0.338755 0.382677 15
0.276947 -0.921600 15
-0.019245 0.497374 15
-0.954131 0.217698 15
-0.344901 -0.445352 15
-0.292174 0.309940 15
-0.494543 -0.073494 15
-0.728477 -0.650504 15
-0.514548 -0.089884 15
0.360816 -0.407978 15
0.739496 -0.685008 15
0.067760 -0.934016 15
0.576356 -0.810586 15
0.321006 -0.972535 15
0.213011 0.388703 15
-0.745160 -0.618341 15
0.491501 0.118117 15
-0.796973 0.595279 15
-0.045844 0.468815 15
1.001157 -0.178135 15
0.942886 -0.351557 15
0.331833 0.330623 15
-0.141553 0.556938 15
-0.477403 -0.161101 15
-0.369510 0.244190 15
0.242561 -0.577656 15
-0.733119 -0.587480 15
0.178210 -0.981741 15
0.348704 0.935786 15
0.252215 0.975301 15
-0.493787 0.037428 15
0.550540 -0.100111 15
-0.504781 0.079933 15
0.273486 0.333708 15
-0.149994 0.388655 15
-0.247735 -0.549132 15
0.455940 -0.903726 15
0.358295 -0.932358 15
0.224732 0.964639 15
0.538466 0.730261 15
-0.343736 0.279659 15
0.444942 -0.916538 15
-0.231686 -0.422261 15
-0.978419 0.325287 15
-0.655643 -0.810852 15
-0.426042 -0.878073 15
0.291281 -0.381267 15
-0.135738 -0.494186 15
0.705822 0.736291 15
0.516533 0.269974 15
-0.767511 -0.425239 15
-0.523601 0.092158 15
1.000695 0.314966 15
0.301603 0.421054 15
-0.008160 -0.544579 15
-0.064308 0.450383 15
0.858791 -0.231316 15
0.487322 -0.232450 15
0.440480 -0.251661 15
0.476227 0.068865 15
0.226160 0.439081 15
-0.026710 -0.946614 15
0.329355 -0.260583 15
0.800360 0.561859 15
-0.390560 -0.889959 15
-0.506943 -0.883699 15
-1.034389 0.287685 15
-0.342719 0.977152 15
0.355106 0.932132 15
-0.397898 0.188358 15
-0.530487 -0.137700 15
0.524106 0.239887 15
-0.472427 -0.856932 15
0.110046 -0.521439 15
0.152209 1.061592 15
0.492374 0.239054 15
0.142710 0.904405 15
0.002087 -0.534016 15
0.238633 -0.348559 15
0.462593 0.925018 15
-0.012578 0.957160 15
0.454616 0.864379 15
0.268653 -0.377859 15
0.190130 0.478896 15
-0.123566 0.960644 15
-0.792596 0.669592 15
0.965815 0.288679 15
0.437699 0.097823 15
-0.412824 0.959961 15
0.576257 -0.740743 15
1.068025 0.267385 15
-0.577311 0.120711 15
0.407283 -0.212444 15
-0.397210 0.234002 15
0.252226 0.526789 15
-0.874150 0.339354 15
-0.413585 0.091574 15
-0.062437 0.982064 15
-0.935365 -0.476033 15
0.533594 -0.055220 15
0.345678 0.443038 15
0.928102 -0.202280 15
0.096503 0.603694 15
-0.795526 0.657247 15
0.828283 0.561331 15
0.376683 0.194640 15
-0.177283 -0.986708 15
-0.040941 0.470609 15
0.276590 -0.442912 15
0.271131 -0.456701 15
0.254383 -0.453384 15
0.416401 0.342874 15
0.730008 -0.714453 15
-0.290483 -0.378248 15
0.224182 -0.526300 15
0.468004 -0.850300 15
-0.475102 -0.201755 15
-0.150610 0.964198 15
-0.374576 0.296889 15
0.326127 -0.403445 15
0.293239 -0.358646 15
0.977400 -0.246636 15
0.839435 -0.390965 15
-0.312602 0.329096 15
0.396110 -0.188653 15
-0.345811 0.979769 15
-0.235239 0.424713 15
-0.121138 0.492547 15
0.920001 0.579908 -1
0.956540 0.190687 -1
-0.274876 0.989650 -1
0.437722 0.243599 -1
0.991046 -0.119906 -1
-0.456911 -0.106230 -1
0.585620 0.828932 -1
0.153801 0.928593 -1
0.462057 -0.290546 -1
-0.217044 0.990277 -1
-0.584347 0.694665 -1
0.936432 0.387643 -1
0.189225 -0.933064 -1
0.077744 -0.555827 -1
-0.366123 -0.922218 -1
-0.761476 0.704149 -1
-0.699725 -0.734398 -1
0.439303 0.819247 -1
0.557673 -0.079411 -1
-0.265055 -0.604687 -1
0.045423 0.485691 -1
0.871393 -0.597538 -1
-0.578653 -0.051956 -1
0.210804 0.400319 -1
-0.005140 0.587265 -1
1.021576 0.175319 -1
-0.493216 0.058602 -1
0.391830 1.011464 -1
0.112199 0.505886 -1
-0.494688 -0.166269 -1
0.879432 -0.408510 -1
0.328677 0.401118 -1
0.239682 0.419771 -1
0.219065 -0.935714 -1
-0.325962 0.335467 -1
0.410568 0.903644 -1
0.954673 -0.031991 -1
-0.165429 -0.445167 -1
-0.308758 0.506077 -1
-0.949142 0.410075 -1
0.025179 1.086534 -1
-0.282731 -0.401589 -1
-0.751915 -0.540239 -1
0.401528 -0.954622 -1
-0.325838 0.320585 -1
-0.789071 0.652788 -1
-0.067263 -0.415211 -1
-0.342763 -0.500473 -1
0.614655 0.772828 -1
0.193913 -0.416394 -1
0.598747 -0.897963 -1
0.017949 -0.549917 -1
-0.777863 0.681901 -1
-0.622935 -0.776148 -1
-0.842153 -0.513615 -1
-0.342361 -0.285485 -1
-0.479340 -0.257759 -1
-0.647113 0.708901 -1
0.404161 0.178805 -1
-0.592214 -0.095235 -1
-0.331177 -0.271972 -1
0.977967 0.215754 -1
-0.452242 0.119274 -1
-0.898306 0.546823 -1
0.470385 0.097732 -1
1.074445 0.120241 -1
0.311009 0.477228 -1
-0.498992 0.230706 -1
0.553832 0.558558 -1
0.436860 0.156143 -1
-0.444444 0.249753 -1
0.486519 -0.106007 -1
-0.421283 0.180623 -1
-0.406001 0.247732 -1
0.450869 0.165908 -1
-0.036799 -1.048837 -1
-0.204806 0.991814 -1
-0.469319 -0.237311 -1
0.960148 -0.029572 -1
0.290759 -0.931106 -1
0.457885 0.727751 -1
0.990829 -0.109917 -1
-0.020007 0.545816 -1
0.709308 0.874297 -1
-1.010977 -0.074784 -1
0.473314 0.926140 -1
1.045204 0.166321 -1
0.388059 -0.312612 -1
-0.110272 -1.061526 -1
-1.022783 0.071001 -1
-0.879856 0.008920 -1
-0.044214 0.935743 -1
0.085258 0.472718 -1
-1.010090 0.084493 -1
-0.153919 0.507331 -1
-0.914801 -0.077787 -1
0.397552 0.253458 -1
-0.071208 -0.584040 -1
-0.586113 0.822001 -1
-0.315848 -0.428398 -1
-0.475201 0.045856 -1
0.119077 0.958341 -1
-0.004970 -0.633133 -1
-0.091496 -1.063429 -1
-0.977251 0.001460 -1
0.105994 0.535126 -1
0.906682 -0.362689 -1
0.419639 0.227265 -1
-0.128094 0.443781 -1
-0.236173 -0.421747 -1
-0.561705 -0.149725 -1
-0.399144 -0.315863 -1
0.249800 0.456173 -1
-0.067688 0.474221 -1
-0.403660 -0.089936 -1
0.422568 -0.195349 -1
-0.507068 0.236393 -1
-0.049440 0.494637 -1
0.573601 0.160837 -1
-0.957441 0.346013 -1
-0.103069 0.984878 -1
0.732054 0.654709 -1
0.505812 -0.848135 -1
0.136014 0.432586 -1
0.423961 -1.023403 -1
-0.993448 -0.073076 -1
0.716949 0.686259 -1
-0.475708 -0.013893 -1
-0.932824 -0.520301 -1
0.507099 0.099702 -1
-0.536745 -0.061553 -1
-0.749363 0.642360 -1
0.871757 0.398393 -1
0.139424 -0.579037 -1
-0.513559 0.829711 -1
0.216548 0.518864 -1
0.528756 -0.211615 -1
-0.498062 0.252568 -1
-0.961372 -0.198659 -1
-0.997016 0.387509 -1
-0.665681 0.794896 -1
0.479599 0.001011 -1
-0.491049 0.160684 -1
0.418982 -0.324877 -1
0.513648 0.881750 -1
0.389844 0.224851 -1
0.909708 0.223947 -1
-0.320696 -0.223657 -1
0.195747 0.454857 -1
-0.472384 -0.971927 -1
0.818149 -0.552201 -1
0.300139 1.023248 -1
-0.475618 0.766312 -1
0.952992 -0.295727 -1
-0.156673 -0.960558 -1
-0.072489 -1.029532 -1
0.565584 -0.871809 -1
0.968489 -0.416161 -1
-0.158193 -0.469685 -1
-0.035628 -0.566708 -1
-0.868991 -0.393101 -1
0.120758 0.482890 -1
-0.499142 -0.133691 -1
0.718468 -0.673767 -1
0.483947 0.200953 -1
0.504083 -0.092725 -1
-0.380365 -0.348349 -1
0.644130 0.753145 -1
0.325310 0.443521 -1
-0.712700 -0.626572 -1
0.432635 -0.220105 -1
0.509025 -0.003331 -1
-0.140491 0.458993 -1
0.554641 0.831357 -1
0.382893 0.180935 -1
0.856840 0.624508 -1
0.306591 0.314238 -1
-0.157257 -0.989907 -1
0.271623 0.321017 -1
0.045540 1.064526 -1
0.742861 0.603701 -1
-0.076098 -0.977182 -1
0.897281 -0.340274 -1
-0.878503 0.487946 -1
0.361002 -0.343894 -1
0.236070 -0.887971 -1
-0.418928 0.076475 -1
0.310445 -0.936192 -1
-0.679949 0.792224 -1
-0.238985 0.434101 -1
0.222413 -0.405034 -1
0.473205 0.034184 -1
0.406588 0.274089 -1
-0.345188 -0.358048 -1
0.017197 -0.945138 -1
0.913779 -0.598842 -1
