-1.211679 -1.246886 0
1.663585 0.343009 0
0.979093 -0.009582 1
1.558895 0.670995 0
0.777461 -0.525246 1
-0.958449 -0.290810 1
1.670903 -0.123773 0
0.284015 1.736211 0
-1.092962 1.343275 0
0.755332 -0.477734 1
0.308896 -0.817517 1
-0.391899 -0.711220 1
0.171268 -0.926897 1
-0.187095 1.683810 0
1.728345 -0.309943 0
1.347025 -1.109106 0
-0.079029 -0.949017 1
0.768418 -0.633196 1
-1.836612 0.278591 0
-0.408732 0.684400 1
0.127764 1.767620 0
1.171164 -1.450533 0
1.354615 1.125726 0
-1.548714 -0.888029 0
-0.929475 0.130105 1
0.705075 0.396839 1
-0.858203 -0.175220 1
-0.329536 -1.645183 0
0.181071 0.938380 1
-0.251640 -0.749108 1
0.545200 -0.545088 1
-1.519424 0.898830 0
-0.931080 -0.017575 1
0.281188 0.935900 1
-0.776110 0.043885 1
0.565020 -0.703496 1
-1.078756 -1.204864 0
0.215595 -1.730806 0
-1.250021 -1.249365 0
-1.482894 0.687916 0
-0.804598 -0.507927 1
0.612146 -0.812423 1
0.949656 0.057304 1
1.318860 -1.173978 0
-1.099947 1.373780 0
-0.677072 -1.593900 0
-0.838814 0.305908 1
1.679804 -0.615185 0
0.500798 0.569905 1
-0.671196 -0.690488 1
0.916682 0.447309 1
-0.825392 -0.399168 1
0.094581 -1.693436 0
0.126069 -0.677611 1
-0.286400 -1.597665 0
-0.049537 -0.989316 1
1.630457 -0.610557 0
-0.788974 -1.589829 0
0.812053 0.059765 1
-0.905551 0.144915 1
-1.312934 -1.189175 0
1.537479 0.992006 0
-0.816340 0.396889 1
-0.592039 1.732194 0
0.062721 0.834659 1
-0.016272 0.923517 1
-0.559269 -1.815065 0
-0.593046 -0.783492 1
-1.346900 -1.145926 0
-0.976982 0.143868 1
1.634015 0.157736 0
-1.691600 -1.059622 0
0.726797 0.194568 1
-0.732146 0.525465 1
0.748075 1.557115 0
-0.142768 -1.711821 0
0.039356 0.879969 1
-0.229898 1.848062 0
0.528604 1.657596 0
0.395186 -0.664591 1
0.755741 -0.378264 1
-1.651780 -0.626241 0
-1.082388 -1.276191 0
-1.368313 -1.300657 0
0.603538 0.667029 1
-0.765842 1.443054 0
0.595701 -0.468854 1
-0.936723 -1.515223 0
-0.069406 -1.777219 0
-1.759289 0.085024 0
0.375343 -1.758902 0
0.015443 -1.777850 0
-1.178627 1.063150 0
1.735918 0.402849 0
-0.632276 -0.418918 1
-0.103735 -1.010388 1
1.556745 -1.129760 0
-0.574727 1.664682 0
1.758947 0.503065 0
0.155293 0.946495 1
-0.694088 0.347203 1
0.320511 -0.887583 1
0.984676 1.560444 0
0.101480 0.890279 1
-1.025584 0.060752 1
0.133006 1.036781 1
-1.702893 0.582508 0
-1.309784 -0.942019 0
0.444087 -1.707546 0
-0.913350 0.323013 1
-0.028956 1.853835 0
1.716837 0.157014 0
1.651328 0.681058 0
1.240454 1.045672 0
-0.301271 -0.868139 1
0.201187 0.815028 1
1.618064 0.422177 0
-0.345869 -0.677821 1
0.765236 0.499965 1
-0.232334 -1.797197 0
1.516931 0.775359 0
1.711347 -0.726074 0
-1.223523 -1.246679 0
-0.542988 -1.670465 0
-1.081392 -1.552943 0
-0.307308 0.902348 1
-1.681685 -0.648081 0
-1.834982 -0.314283 0
0.449363 -0.668998 1
-0.070521 0.908927 1
1.069018 0.289576 1
0.267997 0.836946 1
-0.282810 1.775964 0
-0.312147 -0.875697 1
1.424042 -1.018345 0
-1.572979 1.040062 0
0.443485 1.743188 0
-1.366103 1.145985 0
-0.992220 0.399342 1
0.711628 -1.563295 0
-1.622942 0.728617 0
0.964078 -1.508454 0
0.289189 0.788689 1
0.860154 0.209876 1
-0.088782 1.739171 0
-1.956568 -0.046331 0
0.145636 -1.575054 0
-1.672407 0.677482 0
0.709813 -0.302391 1
1.739651 0.107048 0
-1.527332 1.179862 0
-0.838224 -0.504020 1
1.750528 0.447568 0
0.154894 0.918583 1
0.967777 0.259164 1
-0.036046 0.736962 1
0.884386 -0.328522 1
-1.774374 0.130058 0
-0.080992 0.839145 1
1.624127 -0.801126 0
-0.403462 -0.844113 1
1.545089 -0.885505 0
-0.406420 1.782675 0
-0.824116 -0.319886 1
0.454474 -0.698623 1
0.289606 0.714186 1
-0.978312 0.357149 1
0.772901 -0.515010 1
-1.499125 0.707678 0
1.759592 0.354008 0
-1.547592 -0.896440 0
0.906846 0.311641 1
0.680153 -0.377903 1
-0.151731 1.816686 0
-0.398592 0.710676 1
-1.609324 -0.846412 0
0.423491 1.483777 0
-0.826392 -1.710797 0
0.525707 -0.699743 1
1.179744 -1.213561 0
-1.523759 0.982521 0
-0.549062 1.536862 0
1.761949 -0.509754 0
1.916290 -0.025237 0
0.619576 -1.699276 0
1.414581 1.113713 0
1.529484 -1.176505 0
1.279854 1.321329 0
-1.697291 -0.737977 0
0.783993 1.739130 0
-1.610862 0.847017 0
-0.746616 -0.520740 1
-0.718004 0.412844 1
-1.376858 -1.114600 0
0.186526 -0.747313 1
-0.629266 1.654158 0
-0.825589 0.145936 1
1.386175 1.007486 0
-1.089220 1.387401 0
-1.554377 1.092526 0
-1.673210 -0.446068 0
1.692532 0.349792 0
0.306849 0.904049 1
1.198039 1.291332 0
-0.229425 0.684582 1
0.151321 1.735422 0
0.897166 1.495973 0
-1.368571 -1.067554 0
0.477964 -1.701456 0
-0.245116 0.904606 1
0.939858 0.013621 1
0.059913 -1.789022 0
1.894417 0.082277 0
0.894498 -0.104965 1
-0.787550 -0.332769 1
-1.295711 -1.195938 0
-0.463663 -0.705594 1
0.637340 0.541464 1
0.734302 -1.544767 0
-0.821499 0.228040 1
0.334640 0.900586 1
0.626614 1.720669 0
1.690634 -0.376158 0
1.070286 -1.503637 0
-0.334460 -1.887258 0
-1.397370 -0.924378 0
0.900640 -0.199660 1
-0.759619 -0.234449 1
-1.765579 -0.517507 0
1.042418 1.362894 0
1.617455 -0.341595 0
0.219157 -0.853246 1
0.573366 -0.678858 1
1.652608 -0.807745 0
0.316799 -1.663573 0
0.508806 0.757808 1
-0.906161 -0.196208 1
0.862014 -0.148160 1
-0.552312 1.851396 0
-0.869012 -0.140604 1
-0.195960 0.865164 1
1.655732 0.666693 0
-0.406123 0.709197 1
0.347679 -0.770017 1
1.441504 0.733741 0
-0.870527 -0.352425 1
-0.028951 -0.862979 1
-0.492083 -1.704679 0
-0.576371 0.536974 1
-1.215793 1.227717 0
0.535669 -0.372191 1
1.373030 -1.176064 0
-0.565181 1.504636 0
-0.179935 0.789937 1
-0.567379 0.828470 1
-0.301516 -0.935931 1
-0.376261 1.626843 0
0.679285 -0.536727 1
1.891850 -0.424516 0
-0.782326 0.466715 1
-1.640667 -1.116248 0
1.180918 -1.057747 0
0.371663 0.915144 1
-1.541235 1.002619 0
-0.638526 -0.451537 1
0.749163 -1.539985 0
0.134371 -0.891456 1
-0.202102 0.885713 1
-1.692459 0.207543 0
-0.690174 -0.165703 1
0.709492 -0.638765 1
1.046818 -0.069995 1
0.666512 -0.375841 1
0.934644 -0.559379 1
-0.541616 0.702749 1
-0.667645 -1.736250 0
-0.957539 -0.197707 1
0.053986 1.702882 0
-1.489886 1.114850 0
0.589834 -0.741003 1
0.353623 -0.745200 1
0.748396 -0.393219 1
0.434144 -0.857625 1
-0.293710 0.801094 1
-0.637195 0.565776 1
1.715815 -0.950045 0
-0.388119 0.714264 1
-0.327319 -1.728145 0
-0.870210 0.003076 1
-1.783719 0.511579 0
-0.462360 -0.622087 1
1.788575 -0.148426 0
1.606521 0.714961 0
-0.052453 -1.805398 0
-0.913135 -0.059219 1
-0.422443 1.812824 0
-0.045333 0.895307 1
-0.318286 0.796096 1
0.818039 -0.193770 1
-1.367010 -1.108358 0
0.867912 -1.535207 0
1.299035 -1.184611 0
-1.601914 0.771747 0
0.631929 1.620289 0
0.882704 -1.544994 0
-1.210794 -1.425531 0
1.753814 0.624245 0
-0.745963 0.412551 1
-0.955664 0.154045 1
-1.851624 0.248128 0
0.839769 0.209103 1
-1.354963 -1.132185 0
0.533463 0.822219 1
1.548278 -0.881494 0
-1.586344 -0.671425 0
-0.825847 -0.469208 1
0.175714 0.867859 1
-0.751259 -0.382704 1
1.689899 0.922661 0
-0.611135 1.654878 0
-1.549984 0.711851 0
0.718128 0.526044 1
-0.916665 -0.412834 1
0.977143 -0.193584 1
1.618720 0.877823 0
-0.196616 0.890119 1
-0.158772 -1.822799 0
-0.519877 -1.665168 0
-0.704665 0.459263 1
-0.514550 0.453298 1
-1.807301 -0.067757 0
0.643738 0.526979 1
-0.531924 -0.412922 1
1.544518 0.495043 0
-1.180318 1.452640 0
-0.345751 0.973627 1
0.726476 -0.529249 1
1.080757 1.542185 0
0.386562 -0.769970 1
-0.928904 0.314305 1
-1.495270 -0.940679 0
0.972510 1.527612 0
-0.134554 1.978765 0
-0.635944 0.697987 1
0.318403 -0.921391 1
-0.741745 0.412030 1
-0.716496 0.539553 1
0.085278 -0.767534 1
0.080455 -1.729241 0
0.309648 -0.892164 1
0.737001 0.367819 1
-0.321345 -0.945508 1
-0.880231 -1.682896 0
-1.505947 0.084517 0
0.452719 -0.755098 1
-0.313716 -0.876092 1
-0.449408 -0.807401 1
0.620416 -0.601570 1
-0.766832 -1.499328 0
0.812788 0.515052 1
0.403882 -1.669899 0
1.490118 0.643788 0
-0.092449 -0.771099 1
-0.270713 -1.634697 0
1.333317 1.316968 0
0.454321 0.745754 1
-0.797786 -0.520403 1
-0.260101 -0.875576 1
1.600885 0.684565 0
-0.534806 0.643741 1
1.399997 1.084370 0
-1.082814 -1.387605 0
0.185950 -0.886868 1
1.805148 -0.149630 0
0.239186 -0.862891 1
-0.772967 1.513875 0
1.454000 -1.001499 0
1.703773 -0.380293 0
0.393624 -1.752885 0
0.022705 1.776930 0
0.377732 1.693184 0
0.326573 -0.732012 1
-1.502940 0.711652 0
1.740497 0.159829 0
-0.328129 -1.657375 0
0.547333 -0.625734 1
-1.112150 -1.488543 0
0.034794 -1.800808 0
-0.851893 -0.139452 1
-1.750556 -0.166363 0
0.390349 0.860559 1
-0.629326 -0.631635 1
0.567357 -0.422006 1
0.748634 0.584093 1
-0.981859 0.096858 1
0.907530 -0.527887 1
1.295858 -1.341478 0
-0.159020 -0.813326 1
1.868852 0.001657 0
-0.385536 0.814658 1
-0.909137 0.101766 1
0.911461 -1.586211 0
0.209776 0.940184 1
-0.680590 0.407351 1
0.854441 -0.218107 1
-0.758522 0.417843 1
0.811869 -1.563832 0
-0.789003 0.262320 1
0.292270 0.684317 1
1.017257 0.153507 1
-1.762876 -0.853772 0
-0.693300 -1.635129 0
-0.227445 0.762731 1
-0.356644 -0.938585 1
-1.850787 -0.349329 0
-0.091959 -0.829620 1
-0.765713 -0.083431 1
-0.851469 -0.246060 1
0.762079 0.386524 1
0.884479 0.343262 1
0.741261 -0.469345 1
1.497121 -0.882741 0
1.341041 -1.230124 0
-0.886168 -0.194462 1
0.419006 0.764351 1
0.277222 -0.712575 1
1.012510 -1.357099 0
-0.907873 1.441215 0
1.786647 -0.529348 0
1.492210 -1.139714 0
0.780961 0.627465 1
-1.387039 -0.875376 0
0.620505 0.911221 1
-0.853377 1.540170 0
-1.735713 -0.659695 0
-0.716341 -0.338379 1
-0.975757 1.618410 0
-0.775131 0.298273 1
0.131019 -0.900586 1
-1.079078 -1.548314 0
0.371577 -0.844366 1
-1.568659 -0.717602 0
-0.747031 -0.650129 1
0.745573 -0.331074 1
-0.527858 0.689262 1
0.086713 -0.778355 1
-0.679000 -0.448226 1
-0.088193 -1.073444 1
-0.752631 -0.233144 1
-0.067646 0.690525 1
-0.538973 -1.508537 0
-0.575916 0.668068 1
-0.032228 -1.778454 0
1.075915 -1.417096 0
1.242581 -1.325208 0
-0.734664 0.645156 1
-0.142685 1.044583 1
0.855383 -0.321985 1
-1.761439 -0.692480 0
-0.034473 1.723946 0
-0.713332 1.628926 0
-0.014705 -0.731414 1
0.114234 -0.919446 1
0.801596 -0.397850 1
-0.876023 0.248741 1
0.434969 0.828108 1
1.534453 0.795030 0
0.361220 -0.890567 1
0.013953 -0.919063 1
1.172772 -1.304120 0
0.731726 0.535095 1
-0.083181 0.789000 1
0.796613 0.041397 1
0.237236 -1.737102 0
1.334367 1.166753 0
-1.371898 -1.193941 0
-0.763500 -0.444030 1
-0.800517 0.288952 1
1.611272 0.641695 0
-0.469029 -0.674332 1
-0.683552 1.347043 0
0.840355 -0.279656 1
-1.312025 1.121338 0
1.648938 -0.849293 0
1.553828 -0.841250 0
-1.163558 1.259884 0
0.035479 0.777495 1
-0.126269 -1.746536 0
-1.758827 -0.279393 0
-1.203419 1.350677 0
-0.739506 0.286906 1
-0.940938 -1.349342 0
1.031454 -0.120180 1
-0.968688 -0.023150 1
1.158725 -1.344010 0
-1.265050 1.276785 0
-0.714089 0.671026 1
0.542020 0.733095 1
-1.766982 -0.211605 0
-1.183380 1.367090 0
-1.741753 -0.596171 0
-0.107349 -0.976826 1
-1.655543 0.424729 0
-1.277609 -1.145931 0
-1.897691 0.258832 0
0.891877 -0.166500 1
0.779731 0.816418 1
-0.260501 -1.813134 0
-1.489730 0.743966 0
-0.962662 -0.231088 1
-0.085973 1.766167 0
0.977328 0.107552 1
-0.272415 0.863135 1
1.577627 0.986195 0
-0.939820 -1.605069 0
1.680030 0.142855 0
0.284603 0.843680 1
-0.770632 -1.552410 0
-0.751434 -0.507291 1
1.721962 -0.563324 0
0.161642 -0.910580 1
1.512161 0.753956 0
-0.578716 0.695838 1
0.642922 -0.610205 1
-1.619484 -0.593353 0
-0.308192 -1.791005 0
-0.201208 1.808874 0
-1.602538 0.667781 0
-1.054975 -1.389403 0
0.615850 0.649844 1
-0.284904 -0.694018 1
-0.554565 -1.673719 0
0.827670 -0.367973 1
-1.820622 -0.600065 0
0.729903 -1.710536 0
-0.555136 0.619032 1
0.500744 -1.725991 0
-0.163621 -1.848633 0
0.797710 0.329465 1
-1.215896 -1.390716 0
-0.645276 -0.648403 1
0.799911 1.476438 0
1.848968 0.225165 0
-0.901978 0.340660 1
0.486683 -0.519913 1
-1.213477 -1.279420 0
-0.014517 -1.827402 0
-0.473232 0.587347 1
0.851736 0.514488 1
-0.539707 -0.704092 1
1.254460 1.303051 0
1.469188 0.869902 0
-0.986510 -0.028576 1
-0.097365 0.906696 1
-1.764685 -0.320238 0
0.312447 1.595718 0
-0.590535 0.666044 1
0.310708 -0.945457 1
-1.781052 0.419305 0
-0.012136 1.994330 0
-0.861293 -0.315196 1
-1.854702 0.160811 0
1.160494 1.582466 0
1.330216 -0.736651 0
-0.873574 1.451686 0
-0.244127 1.019070 1
-1.613611 0.771665 0
-0.162410 0.757882 1
-1.845135 -0.196220 0
-1.906619 0.376601 0
-1.131946 1.439075 0
-1.690081 0.255898 0
-0.842469 -0.296027 1
-0.785598 0.603401 1
0.524558 -0.664790 1
1.667721 -0.441106 0
0.783786 -0.613308 1
1.832240 0.150085 0
1.515760 0.732520 0
0.688571 -0.557373 1
-0.631246 -0.901786 1
0.894022 0.371022 1
-1.773716 0.169599 0
0.859725 0.300507 1
0.957640 -0.239572 1
0.351236 -0.834645 1
1.670668 -0.237770 0
1.340209 -1.195139 0
1.249953 1.265688 0
-0.661424 -0.738725 1
0.043201 -0.857380 1
-0.072426 1.796196 0
0.147050 1.823374 0
0.146282 -0.885279 1
0.809098 -0.400966 1
1.645491 -0.541908 0
0.738962 0.373446 1
-0.360959 -1.741388 0
1.775732 -0.160351 0
1.419497 1.092348 0
-0.860492 0.222079 1
-1.637394 -0.443047 0
-1.287303 1.468422 0
0.389502 -1.717504 0
-1.573287 -0.187675 0
0.109029 -0.827945 1
0.819890 1.654900 0
-1.168510 1.439501 0
0.834928 0.245993 1
-0.494194 -0.705342 1
1.311223 1.291269 0
0.670153 0.339203 1
0.345265 -0.630644 1
-0.187428 0.767925 1
-0.951266 -0.496979 1
0.932685 0.006910 1
-1.346873 1.186572 0
-1.138721 1.433595 0
0.844655 -0.227692 1
1.593489 -0.911001 0
-0.394303 -0.805815 1
0.929469 -0.160003 1
-1.434961 -0.614731 0
0.148791 0.836044 1
-1.713439 0.243719 0
0.641990 -1.604463 0
-0.855983 1.732755 0
0.147918 -0.882547 1
1.735134 -0.577808 0
-0.273283 -0.989832 1
-0.199295 0.936061 1
-0.768481 0.598844 1
0.761893 0.357744 1
-1.690235 -0.027345 0
-1.105770 -1.030574 0
1.187797 1.451224 0
-0.662364 -0.768507 1
-0.316238 -0.824970 1
1.420861 -0.835424 0
-0.815269 -0.349542 1
-0.837984 -1.654600 0
1.246864 -1.280696 0
-0.864627 0.113086 1
-0.136021 -0.918998 1
0.446775 0.677701 1
0.133090 1.016994 1
-1.734255 0.131335 0
0.913008 -0.026834 1
-1.812676 -0.218684 0
-0.321460 1.866464 0
1.583537 0.890550 0
-0.578784 -0.829897 1
0.689851 0.661027 1
-1.197511 1.306276 0
-0.099985 -0.863359 1
0.885835 0.132985 1
-0.824027 -0.203248 1
-0.689557 0.674815 1
0.826214 0.378746 1
-0.388718 -1.628876 0
-1.290327 -1.361103 0
-0.832648 -0.374630 1
-0.277722 -0.801851 1
0.327599 -0.664867 1
-0.600853 -0.854835 1
0.076891 1.872794 0
0.866656 0.093642 1
1.812218 -0.016216 0
0.019352 -0.982762 1
-1.637503 0.913453 0
-0.396550 1.847744 0
-0.149298 0.914516 1
0.309764 -0.677598 1
-0.149308 0.913084 1
-0.456338 0.908267 1
-0.460170 -1.772425 0
-0.955445 1.616713 0
1.712985 0.595929 0
1.269567 -1.192598 0
-0.817024 -0.211715 1
-0.663860 1.507649 0
0.315453 0.910589 1
-0.225432 0.860780 1
-0.375764 0.857250 1
0.045463 -0.840918 1
-0.247032 0.751465 1
-0.993136 1.433453 0
1.219441 1.305442 0
1.679597 0.294488 0
0.754564 -0.249372 1
0.462156 0.722336 1
0.701398 0.552554 1
-0.632379 0.603467 1
0.430399 0.722692 1
0.868938 -0.362906 1
-0.072194 -1.743414 0
-0.495981 0.590109 1
-0.806776 -0.331597 1
-0.598154 -1.758860 0
0.968931 -1.593047 0
-1.013645 -1.400626 0
0.765852 -0.442271 1
-0.529552 0.790781 1
1.744692 -0.242604 0
0.881166 0.154377 1
0.836305 -0.144043 1
-0.947419 0.136841 1
-1.644495 0.028389 0
0.017916 0.755190 1
-0.536037 1.535434 0
-1.741108 -0.602957 0
-0.249198 1.681394 0
1.289337 1.034461 0
-0.114925 1.853294 0
-1.036011 -1.428021 0
0.765747 0.296748 1
0.633441 1.915187 0
0.715518 0.190964 1
-1.604943 0.862555 0
-0.543991 -0.658606 1
0.392979 0.578248 1
-1.397386 -1.113283 0
0.656526 1.566210 0
-0.453531 -0.733960 1
-0.639243 -0.317035 1
-0.666248 -0.354104 1
-0.726017 0.635651 1
-0.274416 -0.962245 1
1.816774 -0.110791 0
0.615469 -1.851011 0
0.551027 0.688791 1
-0.159774 -0.908756 1
1.372282 1.137503 0
0.520548 1.922743 0
-0.917809 0.266480 1
-0.885188 -0.366392 1
-0.640856 -0.632005 1
0.796408 1.661537 0
-0.828234 0.316125 1
0.938892 0.086803 1
-1.711888 -0.274992 0
0.624658 1.520615 0
-0.148979 0.837217 1
-1.612557 -0.676363 0
-0.508662 0.452533 1
0.013944 0.879703 1
-1.910274 -0.419433 0
0.966629 0.127423 1
0.716245 -0.570750 1
0.438305 0.970075 1
0.072908 0.927628 1
-1.608192 0.297479 0
1.204244 1.405368 0
0.884395 -1.455348 0
0.226754 -1.699186 0
1.797244 0.546600 0
-1.180726 -1.389012 0
0.592455 1.659625 0
0.547886 -0.866878 1
0.500127 1.686173 0
-0.099371 -1.923584 0
0.430668 0.849750 1
0.167529 1.024766 1
-0.705494 -1.600249 0
-0.763734 0.304545 1
-0.492923 -0.840263 1
-0.719181 1.635798 0
-0.499251 0.826930 1
-0.739813 1.645494 0
0.085633 -0.838951 1
-1.005529 -0.062980 1
-0.573513 0.810977 1
1.306122 -1.374715 0
0.473095 -1.909919 0
0.177342 0.896106 1
-0.896412 -0.347279 1
1.446263 0.918733 0
0.599115 -0.761827 1
0.094948 1.703689 0
-0.571397 1.644580 0
0.002799 1.629048 0
-0.660260 -0.683066 1
-0.214249 0.848282 1
-0.334762 0.849169 1
-0.582672 -1.830731 0
1.545863 -1.104074 0
0.161811 0.750169 1
-0.660461 0.527713 1
-0.862854 0.397363 1
0.795418 0.224443 1
-1.727391 -0.045694 0
-0.309872 -0.808048 1
0.540391 -0.898251 1
-1.734020 0.617315 0
0.568343 0.712856 1
-0.995907 1.510276 0
1.755794 0.000127 0
-0.985640 1.630920 0
0.920218 0.097893 1
1.657981 0.646300 0
0.886385 -0.112246 1
-0.138689 -1.814339 0
0.938542 1.571704 0
1.039307 0.221199 1
1.120850 -1.210537 0
-0.617189 0.593573 1
1.605685 -0.665252 0
1.253834 1.204037 0
-0.931765 0.108766 1
-1.075438 -1.433714 0
0.712067 -0.151408 1
0.058504 0.848974 1
1.430046 -1.054529 0
1.761215 0.297094 0
-0.694850 1.598833 0
1.843833 0.804580 0
0.344260 1.550298 0
-1.377936 -0.926676 0
1.795994 -0.207868 0
0.824051 0.516676 1
-0.276499 -0.971954 1
-0.868698 0.213078 1
0.672098 0.554168 1
-1.440868 1.127112 0
-0.572004 0.735591 1
0.091618 1.859075 0
1.698155 -0.751415 0
1.251953 -1.326818 0
0.200589 -0.954468 1
-1.357450 1.248516 0
0.877379 -0.215181 1
-0.228770 -0.744112 1
0.917881 0.088109 1
-0.063611 -0.870880 1
-0.546432 -0.870221 1
-0.093233 0.848953 1
1.330115 -1.183661 0
0.534232 -0.672698 1
0.982207 0.356455 1
-0.297800 1.632448 0
-1.825015 0.535961 0
-1.479465 1.084686 0
-0.335713 1.733668 0
0.802158 -0.151124 1
-1.371243 1.135240 0
-1.829872 -0.107138 0
0.301286 1.682200 0
-1.603792 -0.645337 0
-0.595110 1.726575 0
0.700496 -1.602401 0
1.865407 0.407189 0
-0.656142 -1.496213 0
-0.901848 0.059477 1
1.393532 0.951786 0
1.214198 1.267442 0
-0.784936 -0.220854 1
-1.709442 -0.216805 0
0.632609 0.678797 1
1.840835 -0.062173 0
-1.799312 0.041892 0
-0.927530 1.379579 0
-0.392312 -0.663255 1
-0.348152 0.772175 1
-1.439201 1.074101 0
0.090500 -0.825535 1
0.771735 -0.565833 1
-1.766340 -0.615481 0
0.823396 -0.373605 1
0.109904 0.860379 1
1.758061 0.593943 0
-0.344515 1.781551 0
-0.395748 -1.679545 0
0.392518 -0.874700 1
-1.079821 -1.566821 0
0.424886 -1.669138 0
1.251276 1.149267 0
-0.801963 -1.562813 0
-1.213557 1.260304 0
-0.577819 -0.597146 1
0.518275 0.589238 1
1.433448 0.987286 0
0.062107 -1.666972 0
0.169059 1.812694 0
-0.824867 0.059758 1
0.668703 -0.705106 1
-0.889517 -1.547339 0
1.008907 1.379003 0
-1.349697 1.058453 0
1.523521 1.109096 0
1.573533 0.659901 0
-0.928662 0.114053 1
0.921842 0.180432 1
0.803683 0.157489 1
-0.372799 -0.665233 1
-0.556835 0.499298 1
0.720750 -0.635096 1
-1.739919 0.713692 0
0.360057 -1.793432 0
0.997050 -1.321894 0
0.061028 -1.697311 0
0.438986 0.788468 1
0.634676 -0.766922 1
0.988283 -0.438870 1
-1.771451 -0.565502 0
1.146709 -1.524550 0
0.982410 0.045391 1
0.805993 -0.340082 1
-0.372917 -0.917875 1
-1.290775 1.268863 0
0.159402 -0.902159 1
0.572479 0.328041 1
0.886965 -1.591505 0
-0.665129 -1.623513 0
0.431896 1.880094 0
-1.712157 0.492821 0
0.660988 -0.532711 1
-1.066992 -1.513811 0
1.662946 0.741955 0
1.804788 -0.152994 0
0.869970 1.545262 0
0.991146 0.097645 1
-1.258184 -1.191350 0
-0.276793 -0.845516 1
0.237710 0.884752 1
0.160363 -0.849780 1
-0.034986 0.713844 1
-1.554331 -0.874023 0
0.063597 1.842835 0
0.032075 -1.758203 0
-0.535563 -0.553869 1
-1.608249 -0.705664 0
-1.607140 0.720415 0
1.046253 -1.391446 0
1.445448 -1.139829 0
-1.741219 0.462120 0
-1.288993 -1.085020 0
-0.329453 0.687470 1
1.904820 0.318577 0
0.236275 0.906707 1
-0.817755 0.101499 1
-0.840132 0.148019 1
0.777626 -0.163360 1
0.537649 -0.834827 1
-0.677481 0.558624 1
0.649396 -0.733508 1
-1.802130 0.364285 0
-1.319989 -1.329840 0
-1.608085 0.961825 0
0.806343 0.157166 1
0.051243 -0.941702 1
-1.492445 -0.989000 0
0.239816 1.655596 0
1.693541 -0.794584 0
0.848000 -0.099205 1
0.912562 1.641887 0
0.821413 0.535439 1
-0.320206 -0.705857 1
-0.739780 -0.592696 1
0.766079 0.565271 1
1.330229 1.137111 0
0.016848 0.877699 1
-0.662397 -0.422770 1
-1.793230 0.529315 0
-1.661208 -0.328793 0
-0.561952 -0.654117 1
-1.812720 -0.215539 0
-1.768201 -0.141825 0
0.402830 0.953635 1
-0.051149 -0.947630 1
1.064421 1.564855 0
-0.414505 -0.932040 1
-0.861030 -0.067984 1
-0.452039 1.839794 0
-0.173769 -0.764645 1
1.686364 0.350853 0
-0.557939 -0.517652 1
0.952322 0.072901 1
-1.902562 -0.195457 0
-0.965720 1.439513 0
-0.810426 1.503391 0
-0.934547 0.211160 1
1.624469 0.571758 0
0.416561 -1.692677 0
1.314065 -1.009151 0
-0.761653 -1.534897 0
0.546603 -0.671239 1
0.917469 -0.142286 1
-1.013430 0.091847 1
-0.638500 0.774796 1
-0.657081 -0.600326 1
1.093467 1.488354 0
-0.594335 0.683069 1
-1.705311 -0.042425 0
0.387149 0.929481 1
0.871943 -1.554557 0
-0.438360 0.734754 1
0.627908 -1.650595 0
-0.057358 -0.773731 1
-0.653718 0.798939 1
0.853703 -1.547159 0
0.813533 0.443683 1
0.301779 0.751194 1
1.501837 -1.202832 0
0.396169 -1.808824 0
-0.701560 0.610092 1
1.836786 -0.363230 0
0.234316 1.695001 0
1.677098 -1.206016 0
-0.823206 1.580677 0
1.565146 -0.796531 0
-0.749323 0.017519 1
-0.660093 0.443446 1
-0.545696 -0.831394 1
0.476240 0.849433 1
1.703237 -0.568070 0
0.861954 -0.190393 1
-1.615515 0.908003 0
0.785359 1.622287 0
0.149722 -0.943984 1
0.423786 1.779080 0
-0.311064 -0.705113 1
0.803774 -1.711444 0
0.601308 1.772892 0
0.821792 1.553562 0
-0.596612 0.767220 1
0.654928 0.576228 1
0.698394 0.187324 1
0.799512 -1.836033 0
0.964399 -0.211403 1
-0.435164 -0.710540 1
-1.639987 -0.604001 0
1.289213 1.347601 0
1.788969 -0.157333 0
-1.759212 0.473811 0
-0.643605 -0.681188 1
0.723828 0.568788 1
0.725082 0.571446 1
0.844857 0.052210 1
-0.133496 0.995965 1
0.019137 -1.009918 1
0.702125 -0.739486 1
0.726959 -0.398605 1
-0.746533 0.339286 1
1.211438 -1.300724 0
1.031548 1.382580 0
0.832497 0.412992 1
-0.292767 0.871236 1
0.661472 -0.494334 1
-1.323380 -1.134941 0
-0.775220 0.531087 1
0.362187 -1.674237 0
-0.743346 0.394669 1
-0.803098 0.363888 1
-0.886174 -1.459005 0
1.561358 -0.672808 0
-1.757912 -0.026344 0
-0.222720 1.075027 1
-0.868204 -0.436602 1
-1.569402 -0.324309 0
-1.574935 -0.567032 0
-0.698238 -0.624295 1
0.145578 1.781118 0
1.592533 -0.854100 0
0.651846 0.405846 1
-1.574777 -0.916347 0
0.908788 -0.109631 1
-0.180973 -0.826150 1
1.804775 -0.293786 0
-1.086421 1.193050 0
-0.830930 0.193036 1
-0.949624 0.008224 1
1.063498 -1.363513 0
1.683215 -0.223262 0
-1.158948 -1.638892 0
1.637203 -0.992045 0
1.772868 0.005315 0
-0.083297 0.994668 1
-0.850809 -0.368483 1
-0.813191 -0.405856 1
-1.756912 0.739851 0
1.042789 1.581036 0
-0.340760 1.619896 0
0.590387 0.538516 1
-0.886107 1.767104 0
0.971362 -0.104746 1
-0.640512 -0.471388 1
0.398450 -0.953803 1
-0.968439 -0.217100 1
-0.223861 -0.772327 1
-1.815908 0.054632 0
-0.901434 1.548938 0
1.696970 -0.216439 0
1.750990 0.478942 0
0.703775 0.699854 1
0.412077 -0.725970 1
1.517788 -0.864959 0
-0.959124 -0.329128 1
1.758237 0.118684 0
0.824670 1.671001 0
0.744364 0.597867 1
-1.691516 0.367543 0
-1.325503 1.100468 0
1.654575 -0.671764 0
-0.509161 0.569264 1
-0.144148 -0.825967 1
-1.773336 0.083547 0
-0.494771 -0.786421 1
-0.594292 1.652620 0
-1.688834 0.515346 0
-0.184659 -0.824432 1
0.555803 -1.863563 0
-1.378148 -1.137423 0
1.376912 0.927716 0
-0.154467 0.765135 1
-0.833346 1.559848 0
1.233934 -1.402155 0
0.979881 1.431112 0
0.792857 -0.154055 1
0.698162 -0.674170 1
0.254184 -1.711127 0
0.911377 1.661664 0
-0.509341 0.889113 1
-0.730067 -0.509146 1
0.502584 0.629529 1
1.773056 -0.593305 0
0.811414 1.554825 0
-0.461850 0.544577 1
-0.581770 -0.614895 1
1.758873 0.134630 0
-0.854207 -1.622453 0
0.571703 0.731682 1
-0.075860 0.679468 1
1.096831 -1.477235 0
0.071424 0.584759 1
-0.490534 -0.615343 1
-1.793559 -0.446362 0
0.846376 -0.195572 1
-1.924755 0.346638 0
0.584410 1.690261 0
-1.835631 0.540768 0
-1.603702 1.052303 0
0.190429 -0.748659 1
0.638203 -1.696368 0
-0.822619 -0.548498 1
-1.178327 1.298176 0
-0.224745 -0.826269 1
0.794755 -0.280421 1
-1.015219 0.349606 1
-1.813706 -0.419320 0
-1.253516 -1.339716 0
-0.725245 -1.596990 0
-0.321216 -1.793379 0
-0.393830 0.778149 1
0.095901 0.836298 1
-0.623540 -0.301658 1
-0.096083 -1.931685 0
0.208129 -0.935064 1
-0.631903 -0.609960 1
-0.969500 -0.076868 1
-0.047482 0.926255 1
0.389017 1.644838 0
-1.754148 0.564362 0
1.617923 0.808345 0
-0.830906 0.126593 1
0.644311 -0.610388 1
0.747399 -0.461102 1
-1.441112 -1.181566 0
0.485025 0.775602 1
-0.755788 -0.457370 1
0.195198 -0.816173 1
0.266384 -0.874711 1
-1.606822 -0.838864 0
0.834415 0.110660 1
0.434198 0.596830 1
0.548955 -0.729072 1
0.765284 0.550043 1
-0.605618 0.684664 1
0.494335 -1.644906 0
-0.034812 0.889526 1
-1.704989 0.389996 0
-0.616598 -0.794279 1
-0.522400 0.554749 1
-0.883934 -0.130102 1
-1.301857 -1.160701 0
-0.919672 -0.159377 1
0.644168 -0.727525 1
1.320681 -1.222329 0
0.120622 -1.667082 0
1.029231 -1.446623 0
0.573048 -1.735881 0
0.380114 0.695427 1
-1.331661 -1.103255 0
0.877638 0.212134 1
-1.424225 1.064393 0
-0.082331 0.838517 1
1.788139 -0.317002 0
1.684038 -0.626751 0
0.592391 0.591692 1
-0.253317 0.995913 1
-0.853313 -0.286577 1
-0.660562 0.437313 1
0.432906 -1.030586 1
-1.310150 -1.048134 0
0.317941 -1.752324 0
0.622530 1.672574 0
0.450151 1.743152 0
-0.882583 0.068016 1
0.983111 -0.177643 1
-0.902224 0.143934 1
0.488152 0.597201 1
-0.268395 0.695342 1
-0.443010 -0.979639 1
0.814108 -1.612981 0
0.639664 -1.664122 0
0.401053 1.724107 0
0.961540 1.305486 0
-0.614517 0.500664 1
0.794459 -1.635864 0
-0.414338 -0.753036 1
-1.748379 0.582160 0
-1.171739 -1.447098 0
-0.761556 -1.567163 0
0.519944 -0.679816 1
-0.242928 -0.881501 1
1.260523 1.316255 0
0.922357 0.483367 1
-1.371591 -0.758355 0
-0.935846 0.165769 1
1.787314 0.563727 0
0.538384 0.753210 1
-0.015009 -0.971509 1
-0.115318 0.805595 1
1.533801 -0.411990 0
0.870171 -0.414015 1
0.786487 -0.448327 1
0.850349 0.124164 1
0.403605 0.785408 1
-0.048149 -1.689583 0
0.587963 -0.464262 1
1.429414 1.004702 0
-0.698167 -1.588392 0
-0.906085 -1.577211 0
-1.848370 0.515000 0
-0.612700 1.746458 0
0.633966 1.666047 0
-0.711278 0.337592 1
-0.948147 -0.244781 1
0.935886 0.429627 1
-0.844423 -1.529403 0
0.196167 -0.930178 1
0.271491 1.897276 0
0.879196 0.428139 1
0.254521 1.616524 0
0.003298 -0.952642 1
0.425887 -0.621397 1
0.825994 1.653341 0
-0.022902 1.710750 0
0.811741 1.545034 0
0.479519 -0.673730 1
0.339236 0.856522 1
-0.221181 1.716973 0
-1.416405 1.197125 0
1.725001 0.516775 0
0.781520 0.175887 1
-0.737941 1.715753 0
1.029054 -1.321877 0
1.907600 0.478741 0
-1.031799 0.216767 1
0.727181 -0.378282 1
-0.710048 0.419116 1
0.450172 0.942064 1
-1.562102 0.607286 0
-0.739301 0.164726 1
-0.111975 1.755231 0
-1.671463 -0.849079 0
0.952836 -0.097463 1
0.617124 0.792476 1
1.657625 -0.360127 0
0.171972 1.079424 1
-1.421641 1.175075 0
1.479298 1.003759 0
0.672515 0.348813 1
-0.317147 -1.761196 0
-0.073572 0.841720 1
0.493699 -0.789921 1
0.483946 -0.814549 1
0.454025 -0.808624 1
0.743471 0.613573 1
1.303731 -1.274921 0
-0.519380 -0.674424 1
0.400070 -0.938861 1
0.835660 -1.517557 0
-0.849201 -0.359190 1
-0.269496 1.723321 0
-0.669612 0.531439 1
0.582195 -0.719428 1
0.523442 -0.639414 1
1.745697 -0.439352 0
1.499223 -0.697138 0
-0.558895 0.588963 1
0.707220 -0.335788 1
-0.618222 1.751132 0
-0.420686 0.759745 1
-0.216845 0.880904 1
1.643154 1.036940 0
1.708431 0.341751 0
-0.491497 1.768780 0
0.781560 0.436258 1
1.770076 -0.213000 0
-0.816704 -0.188572 1
1.045782 1.481722 0
0.274334 1.659726 0
0.825035 -0.517780 1
-0.388180 1.769901 0
-1.044368 1.241908 0
1.672508 0.693536 0
0.337620 -1.665381 0
0.138459 -0.991599 1
-0.654510 -1.646010 0
-1.360809 1.258846 0
-1.250491 -1.310544 0
0.784385 1.464423 0
0.995854 -0.140671 1
-0.473953 -1.078867 1
0.080717 0.868659 1
1.556316 -1.066099 0
-1.034195 -0.091634 1
0.376171 0.716175 1
-0.009614 1.050080 1
1.824617 0.314302 0
-0.881563 0.105833 1
0.699575 1.807742 0
0.200012 0.904728 1
-0.884192 -0.295809 1
1.570676 -0.728476 0
0.586752 0.717603 1
0.427762 0.750919 1
0.390930 -1.670115 0
-0.582763 0.600342 1
0.733050 1.615165 0
1.705095 -0.055974 0
-0.295970 -0.793949 1
-0.552028 0.905070 1
-1.696075 0.733601 0
0.044551 1.941826 0
-0.505530 -0.716113 1
-1.343729 -0.963756 0
0.716900 -1.703886 0
-0.582541 0.573762 1
-1.410109 1.167111 0
-0.120596 -0.740445 1
-0.612777 -0.892730 1
1.097651 1.381514 0
0.345996 -0.742556 1
1.069233 -1.602688 0
0.031635 -0.981042 1
-1.390086 1.219110 0
-1.113306 -1.385114 0
-1.504940 -0.916202 0
-0.612060 -0.508740 1
-0.856774 -0.459219 1
-1.156500 1.267333 0
0.721604 0.320530 1
-1.058422 -0.168933 1
-0.592080 -0.484605 1
1.746711 0.386524 0
-0.808362 0.214200 1
-1.605257 0.977846 0
0.839914 0.175725 1
1.919068 0.215928 0
0.555187 0.853542 1
-0.891882 0.413230 1
0.988991 0.998806 0
0.780020 0.280053 1
-0.794432 0.447249 1
0.868737 -0.188175 1
-0.753054 0.323776 1
-0.725754 0.443639 1
0.805047 0.297494 1
-0.066173 -1.872163 0
-0.366318 1.772646 0
-0.838871 -0.422696 1
1.714877 -0.051654 0
0.519011 -1.661884 0
0.817582 1.301002 0
1.769689 -0.195159 0
-0.036174 0.976048 1
1.266750 1.562748 0
-1.806544 -0.132408 0
0.845145 1.655345 0
1.866830 0.298231 0
0.692838 -0.557191 1
-0.197431 -1.894828 0
-1.827636 0.127979 0
-1.572296 0.017098 0
-0.079419 1.672498 0
0.151883 0.845487 1
-1.804960 0.152079 0
-0.275408 0.907309 1
-1.634726 -0.137771 0
0.709797 0.453867 1
-0.127643 -1.041989 1
-1.047523 1.469342 0
-0.564695 -0.763997 1
-0.849380 0.083068 1
0.212301 1.712858 0
-0.009310 -1.129674 1
-0.163890 -1.898227 0
-1.746292 0.003773 0
0.188929 0.956955 1
1.619359 -0.646633 0
0.749255 0.407083 1
-0.229271 0.793802 1
-0.422355 -0.752118 1
-1.003918 -0.266259 1
-0.713502 -0.562998 1
0.445838 0.815936 1
-0.121356 0.848171 1
-0.721571 -0.159470 1
0.754488 -0.347747 1
-0.906309 0.423386 1
-0.088756 0.884637 1
1.024310 0.288436 1
-1.710901 0.619180 0
-0.184564 1.760258 0
1.307385 1.170542 0
0.903204 -1.513690 0
0.242559 0.773807 1
0.756977 -1.826736 0
-1.775228 -0.129356 0
1.280401 1.226893 0
-0.850284 -0.023650 1
-1.666924 -0.928145 0
0.905503 0.179243 1
-0.959327 -0.108776 1
-1.339170 1.148485 0
1.556966 0.712736 0
0.248651 -1.033054 1
-0.917905 1.483113 0
0.386433 0.927909 1
0.944192 -0.376800 1
-0.890221 0.452277 1
-1.717926 -0.353661 0
-1.781604 0.693295 0
-1.189672 1.420930 0
0.856374 0.002971 1
-0.877692 0.288164 1
0.748081 -0.579097 1
0.917202 1.576060 0
0.696026 0.402771 1
1.624765 0.401157 0
-0.573356 -0.398308 1
0.349272 0.813586 1
-0.844347 -1.734795 0
1.461195 -0.985121 0
0.535769 1.828790 0
-0.850124 1.369876 0
1.702092 -0.527033 0
-0.280328 -1.714489 0
-0.129933 -1.837683 0
1.009987 -1.555974 0
1.729778 -0.742141 0
-0.283042 -0.837739 1
-0.064081 -1.011033 1
-1.552886 -0.700952 0
0.215303 0.863656 1
-0.892149 -0.237620 1
1.283115 -1.202251 0
0.864141 0.360088 1
0.900116 -0.164450 1
-0.679953 -0.621022 1
1.150309 1.346359 0
0.580736 0.793339 1
-1.273671 -1.117957 0
0.772473 -0.391964 1
0.908943 -0.004784 1
-0.251419 0.820973 1
0.990437 1.486054 0
0.683608 0.324333 1
1.530316 1.116599 0
0.547295 0.562426 1
-0.281372 -1.766909 0
0.484825 0.574534 1
0.080927 1.902517 0
1.326692 1.079436 0
-0.136380 -1.744181 0
1.602564 -0.606599 0
-1.569879 0.872686 0
0.644500 -0.613065 1
0.421308 -1.584842 0
-0.748847 0.137757 1
0.554181 -1.670969 0
-1.215162 1.416158 0
-0.427379 0.776514 1
0.396911 -0.722267 1
0.844952 0.062221 1
0.725940 0.490716 1
-0.617111 -0.638345 1
0.030292 -1.686947 0
1.632038 -1.068427 0
