-1.224472 -1.264775 0
1.713212 0.260039 0
0.946119 -0.008756 0
1.580350 0.716037 0
0.730038 -0.558386 0
-0.920946 -0.269539 0
1.715402 -0.152163 0
0.245462 1.755064 0
-1.065158 1.394861 0
0.728606 -0.516319 0
0.351384 -0.808375 0
-0.398596 -0.745871 0
0.202019 -0.900825 0
-0.109423 1.727487 0
1.731674 -0.364223 0
1.384813 -1.091978 0
-0.060973 -0.927862 0
0.743996 -0.600413 0
-1.816176 0.233273 0
-0.424507 0.721157 0
0.109733 1.777100 0
1.164491 -1.419244 0
1.367269 1.130338 0
-1.554792 -0.883650 0
-0.916003 0.093171 0
0.707767 0.455999 0
-0.871974 -0.138226 0
-0.361427 -1.685373 0
0.175850 0.915387 0
-0.306264 -0.772639 0
0.580083 -0.581105 0
-1.540102 0.884899 0
-0.916027 -0.040501 0
0.262293 0.907848 0
-0.819154 0.086042 0
0.528697 -0.726465 0
-1.108966 -1.271606 0
0.234088 -1.748059 0
-1.288905 -1.222922 0
-1.523841 0.747594 0
-0.752362 -0.541296 0
0.544130 -0.799581 0
0.927829 0.013467 0
1.334205 -1.173096 0
-1.107793 1.384524 0
-0.678620 -1.619847 0
-0.839919 0.307150 0
1.681146 -0.616325 0
0.514859 0.629287 0
-0.647154 -0.676801 0
0.885663 0.394936 0
-0.822841 -0.385413 0
0.167301 -1.724701 0
0.148680 -0.757502 0
-0.329665 -1.658161 0
-0.028267 -0.952332 0
1.661233 -0.585198 0
-0.800303 -1.592338 0
0.845648 0.026925 0
-0.894734 0.158543 0
-1.314673 -1.200115 0
1.532837 0.971966 0
-0.788553 0.436515 0
-0.565451 1.725156 0
0.089959 0.855554 0
0.021658 0.911409 0
-0.624386 -1.745720 0
-0.567878 -0.759427 0
-1.366416 -1.137826 0
-0.941240 0.137244 0
1.689356 0.202293 0
-1.609171 -1.037772 0
0.770498 0.245849 0
-0.747536 0.498561 0
0.721284 1.597740 0
-0.112758 -1.743818 0
0.099508 0.878488 0
-0.278122 1.812379 0
0.527335 1.680326 0
0.362183 -0.734747 0
0.788958 -0.353443 0
-1.670293 -0.606010 0
-1.092544 -1.329600 0
-1.292063 -1.321378 0
0.615137 0.654386 0
-0.833457 1.477750 0
0.654308 -0.482253 0
-0.976187 -1.494754 0
-0.014732 -1.783120 0
-1.767108 0.140783 0
0.347835 -1.762093 0
0.066175 -1.781742 0
-1.200277 1.158497 0
1.753792 0.325833 0
-0.682836 -0.442202 0
-0.152769 -0.953382 0
1.496250 -1.123428 0
-0.611568 1.664638 0
1.748547 0.486083 0
0.133694 0.924315 0
-0.753979 0.329149 0
0.271374 -0.882416 0
0.964948 1.548297 0
0.071467 0.892664 0
-0.962825 0.125489 0
0.210248 0.956283 0
-1.719265 0.516387 0
-1.383087 -0.962117 0
0.470811 -1.712076 0
-0.893041 0.291779 0
-0.038379 1.829364 0
1.746841 0.118335 0
1.638488 0.716681 0
1.271121 1.113875 0
-0.259813 -0.870731 0
0.239977 0.827197 0
1.659057 0.454794 0
-0.351992 -0.734812 0
0.785465 0.448721 0
-0.238212 -1.788809 0
1.560285 0.767929 0
1.661112 -0.770525 0
-1.222883 -1.272895 0
-0.575720 -1.674593 0
-1.053268 -1.524264 0
-0.300912 0.880659 0
-1.659282 -0.691439 0
-1.812590 -0.278559 0
0.504950 -0.671909 0
-0.058856 0.903645 0
0.994642 0.236647 0
0.277291 0.841354 0
-0.256652 1.777601 0
-0.295279 -0.867457 0
1.458293 -0.997945 0
-1.550998 1.005934 0
0.435727 1.742877 0
-1.392692 1.118945 0
-0.936040 0.351978 0
0.753827 -1.576392 0
-1.621432 0.745263 0
0.972818 -1.504205 0
0.336881 0.792428 0
0.849537 0.257840 0
-0.151955 1.753937 0
-1.891266 -0.033838 0
0.156349 -1.658817 0
-1.670291 0.670566 0
0.738613 -0.356714 0
1.760324 0.094298 0
-1.493155 1.134499 0
-0.824171 -0.461984 0
1.755366 0.400114 0
0.151266 0.905064 0
0.927333 0.247627 0
-0.020160 0.800676 0
0.851908 -0.356517 0
-1.776899 0.161896 0
-0.068141 0.861557 0
1.600105 -0.831424 0
-0.375545 -0.839393 0
1.540537 -0.902848 0
-0.430876 1.762135 0
-0.810183 -0.361975 0
0.457158 -0.726663 0
0.287436 0.768543 0
-0.930390 0.318047 0
0.777976 -0.481870 0
-1.556970 0.710857 0
1.754704 0.373231 0
-1.565494 -0.867596 0
0.874177 0.327315 0
0.736779 -0.369890 0
-0.118144 1.806838 0
-0.380923 0.755753 0
-1.596987 -0.848133 0
0.520695 1.555920 0
-0.762787 -1.692351 0
0.522550 -0.712600 0
1.178757 -1.269037 0
-1.476429 1.034943 0
-0.562434 1.600359 0
1.736490 -0.536006 0
1.866988 -0.003177 0
0.676992 -1.668683 0
1.391721 1.136878 0
1.501496 -1.122782 0
1.215895 1.353003 0
-1.685243 -0.706921 0
0.703598 1.721915 0
-1.580058 0.879719 0
-0.744989 -0.513435 0
-0.719140 0.460827 0
-1.376813 -1.128270 0
0.125565 -0.806646 0
-0.633172 1.662680 0
-0.852879 0.114654 0
1.393759 1.049946 0
-1.032868 1.441157 0
-1.519916 1.067420 0
-1.686923 -0.486346 0
1.723592 0.323634 0
0.283486 0.887094 0
1.216277 1.291485 0
-0.262582 0.746761 0
0.147820 1.756245 0
0.981249 1.461681 0
-1.394175 -1.071811 0
0.514035 -1.701198 0
-0.243509 0.888247 0
0.921301 -0.021754 0
0.050987 -1.790564 0
1.853921 0.055440 0
0.893782 -0.096005 0
-0.811135 -0.317648 0
-1.291957 -1.217237 0
-0.485270 -0.716116 0
0.639660 0.574661 0
0.713008 -1.590320 0
-0.840929 0.223117 0
0.291514 0.887395 0
0.534090 1.732082 0
1.714588 -0.380694 0
1.117492 -1.439406 0
-0.346825 -1.834737 0
-1.466764 -0.900253 0
0.894931 -0.173738 0
-0.807047 -0.212350 0
-1.749356 -0.506323 0
1.044576 1.399727 0
1.671889 -0.354064 0
0.157145 -0.869655 0
0.563239 -0.691139 0
1.634016 -0.803600 0
0.336213 -1.700311 0
0.566568 0.700340 0
-0.899487 -0.162757 0
0.860510 -0.192452 0
-0.495287 1.809300 0
-0.879786 -0.096485 0
-0.216856 0.863726 0
1.660271 0.664082 0
-0.393664 0.751207 0
0.418018 -0.753090 0
1.507169 0.759125 0
-0.851170 -0.354578 0
0.011052 -0.875279 0
-0.493897 -1.712038 0
-0.609209 0.565434 0
-1.226944 1.253255 0
0.611352 -0.433978 0
1.276549 -1.261941 0
-0.555038 1.586622 0
-0.246779 0.804559 0
-0.485091 0.825347 0
-0.322592 -0.891123 0
-0.406960 1.670025 0
0.656367 -0.580275 0
1.837987 -0.398028 0
-0.748629 0.505062 0
-1.591670 -1.051719 0
1.259077 -1.094104 0
0.359215 0.880954 0
-1.535094 0.978344 0
-0.654541 -0.505146 0
0.727474 -1.585146 0
0.115160 -0.891865 0
-0.211875 0.878457 0
-1.720474 0.255867 0
-0.770721 -0.135490 0
0.658985 -0.655698 0
0.974827 -0.133944 0
0.716894 -0.392957 0
0.856280 -0.539131 0
-0.512084 0.727590 0
-0.610881 -1.727593 0
-0.928169 -0.178483 0
0.053420 1.738647 0
-1.484586 1.075913 0
0.570753 -0.730308 0
0.353902 -0.776501 0
0.767485 -0.400744 0
0.474808 -0.802195 0
-0.336923 0.801238 0
-0.624521 0.603887 0
1.630357 -0.961934 0
-0.404277 0.743502 0
-0.318979 -1.743609 0
-0.880706 0.001849 0
-1.760256 0.502760 0
-0.464461 -0.679115 0
1.789946 -0.113173 0
1.626194 0.704200 0
-0.028520 -1.800557 0
-0.905244 -0.005649 0
-0.446285 1.778666 0
-0.052698 0.894932 0
-0.349005 0.799567 0
0.849157 -0.128436 0
-1.424024 -1.052040 0
0.853059 -1.556757 0
1.281263 -1.223174 0
-1.600867 0.787324 0
0.657031 1.633406 0
0.908778 -1.535864 0
-1.210830 -1.384445 0
1.731603 0.604811 0
-0.773884 0.396188 0
-0.919272 0.187349 0
-1.817186 0.274360 0
0.845363 0.234801 0
-1.335841 -1.170253 0
0.509736 0.797813 0
1.551576 -0.884939 0
-1.614071 -0.678037 0
-0.808335 -0.456965 0
0.148941 0.876707 0
-0.742646 -0.437864 0
1.648224 0.888666 0
-0.677334 1.639426 0
-1.603141 0.674417 0
0.710054 0.540716 0
-0.868593 -0.412532 0
0.944156 -0.140298 0
1.610966 0.851072 0
-0.113645 0.892693 0
-0.146319 -1.809207 0
-0.504830 -1.689930 0
-0.726332 0.466448 0
-0.605547 0.472905 0
-1.800696 -0.076673 0
0.678039 0.524568 0
-0.614296 -0.451116 0
1.622685 0.469648 0
-1.165388 1.424351 0
-0.335284 0.919410 0
0.707388 -0.551849 0
1.062733 1.510956 0
0.359806 -0.797019 0
-0.908155 0.263275 0
-1.516727 -0.925699 0
0.947356 1.534735 0
-0.143720 1.901983 0
-0.683434 0.612443 0
0.304739 -0.893065 0
-0.756323 0.425212 0
-0.710945 0.546493 0
0.153227 -0.804212 0
0.087294 -1.753735 0
0.290915 -0.878243 0
0.756405 0.393413 0
-0.364154 -0.882471 0
-0.828177 -1.661369 0
-1.616285 0.128571 0
0.450937 -0.763644 0
-0.335410 -0.852747 0
-0.486375 -0.770211 0
0.645609 -0.593033 0
-0.813385 -1.523731 0
0.753290 0.550049 0
0.341291 -1.712307 0
1.519583 0.736870 0
-0.104855 -0.817782 0
-0.378100 -1.664784 0
1.314554 1.289972 0
0.430745 0.769313 0
-0.752186 -0.544255 0
-0.202621 -0.880969 0
1.637764 0.646730 0
-0.569554 0.644586 0
1.420187 1.072277 0
-1.102166 -1.389069 0
0.222305 -0.873256 0
1.800206 -0.101911 0
0.287889 -0.846032 0
-0.806588 1.538294 0
1.463024 -1.007793 0
1.719794 -0.394864 0
0.399935 -1.750098 0
0.022635 1.783399 0
0.413638 1.708354 0
0.326557 -0.773128 0
-1.521336 0.788062 0
1.759853 0.143975 0
-0.337146 -1.697784 0
0.499945 -0.690298 0
-1.091326 -1.471713 0
0.113574 -1.791780 0
-0.869688 -0.086803 0
-1.759382 -0.207478 0
0.381457 0.843412 0
-0.628499 -0.635222 0
0.632145 -0.461483 0
0.761939 0.526007 0
-0.944584 0.106023 0
0.860304 -0.486976 0
1.182135 -1.397182 0
-0.112032 -0.846192 0
1.836978 -0.046927 0
-0.361986 0.822795 0
-0.901275 0.106001 0
0.884527 -1.584609 0
0.148516 0.922102 0
-0.728108 0.406569 0
0.857644 -0.228735 0
-0.748742 0.456535 0
0.808712 -1.579425 0
-0.786196 0.332633 0
0.308732 0.743362 0
0.968448 0.113222 0
-1.713036 -0.804140 0
-0.710399 -1.635147 0
-0.258578 0.794759 0
-0.352959 -0.893891 0
-1.810820 -0.364571 0
-0.151481 -0.843183 0
-0.807409 -0.136212 0
-0.863922 -0.210495 0
0.759225 0.425266 0
0.874009 0.309701 0
0.733115 -0.494782 0
1.562736 -0.799484 0
1.374008 -1.174285 0
-0.884235 -0.182435 0
0.425463 0.772158 0
0.282834 -0.766612 0
1.031455 -1.392720 0
-0.949005 1.457120 0
1.768173 -0.490265 0
1.442265 -1.147950 0
0.767295 0.575082 0
-1.445569 -0.896761 0
0.581952 0.837949 0
-0.875772 1.542282 0
-1.726284 -0.609011 0
-0.779796 -0.280672 0
-0.938923 1.595296 0
-0.804647 0.294082 0
0.145775 -0.892674 0
-1.095254 -1.489412 0
0.449036 -0.785018 0
-1.593875 -0.727773 0
-0.729293 -0.612946 0
0.784914 -0.319456 0
-0.540608 0.693687 0
0.107339 -0.821267 0
-0.693911 -0.484493 0
-0.021558 -1.001509 0
-0.791127 -0.254942 0
-0.042146 0.772770 0
-0.578917 -1.575167 0
-0.600655 0.652887 0
-0.052328 -1.783611 0
1.088655 -1.414279 0
1.229930 -1.324155 0
-0.710340 0.623765 0
-0.138007 0.981710 0
0.833137 -0.355268 0
-1.696722 -0.739688 0
-0.059664 1.750553 0
-0.733327 1.626405 0
-0.001343 -0.797267 0
0.150349 -0.900892 0
0.789267 -0.421869 0
-0.846883 0.308571 0
0.432428 0.811917 0
1.578198 0.763352 0
0.390741 -0.848009 0
0.060656 -0.906277 0
1.213892 -1.286534 0
0.702558 0.564305 0
-0.111132 0.826689 0
0.836434 0.030873 0
0.217354 -1.755599 0
1.373623 1.131426 0
-1.369972 -1.180538 0
-0.767896 -0.447038 0
-0.805411 0.324633 0
1.635740 0.643477 0
-0.500545 -0.688419 0
-0.742282 1.443678 0
0.845715 -0.277201 0
-1.367327 1.094493 0
1.651682 -0.784928 0
1.569241 -0.834429 0
-1.182447 1.284898 0
0.070623 0.821625 0
-0.132767 -1.762924 0
-1.754244 -0.328390 0
-1.174634 1.366877 0
-0.793715 0.249738 0
-0.953893 -1.411860 0
0.975474 -0.111113 0
-0.939427 -0.031890 0
1.133683 -1.374041 0
-1.273534 1.265823 0
-0.703825 0.632480 0
0.524947 0.737744 0
-1.762957 -0.270076 0
-1.171832 1.369098 0
-1.738216 -0.542035 0
-0.107862 -0.942192 0
-1.676307 0.473522 0
-1.285239 -1.182867 0
-1.852300 0.227366 0
0.893713 -0.097063 0
0.727299 0.737739 0
-0.237292 -1.800640 0
-1.536147 0.765270 0
-0.920108 -0.245155 0
-0.096594 1.775574 0
0.941010 0.118384 0
-0.271405 0.859908 0
1.544027 0.988666 0
-0.922533 -1.584302 0
1.722616 0.145729 0
0.339438 0.822698 0
-0.794606 -1.567095 0
-0.749553 -0.502863 0
1.714364 -0.562513 0
0.116602 -0.904487 0
1.523835 0.818651 0
-0.598089 0.673806 0
0.672233 -0.581836 0
-1.646944 -0.597569 0
-0.319282 -1.779238 0
-0.225444 1.794975 0
-1.623802 0.675847 0
-1.061792 -1.408570 0
0.659531 0.600837 0
-0.307084 -0.748065 0
-0.537195 -1.691747 0
0.807953 -0.398735 0
-1.763670 -0.612857 0
0.732393 -1.680464 0
-0.570759 0.639904 0
0.533401 -1.714019 0
-0.185034 -1.821272 0
0.834685 0.239864 0
-1.222670 -1.355352 0
-0.648569 -0.634592 0
0.806874 1.524194 0
1.820993 0.225003 0
-0.870068 0.347508 0
0.549134 -0.561710 0
-1.203531 -1.304660 0
0.024240 -1.813027 0
-0.500690 0.637967 0
0.794059 0.529074 0
-0.490072 -0.740210 0
1.219113 1.326734 0
1.509917 0.867515 0
-0.949973 -0.038143 0
-0.122606 0.896895 0
-1.769574 -0.288082 0
0.321839 1.661878 0
-0.559050 0.694069 0
0.322589 -0.899170 0
-1.768918 0.406624 0
0.007695 1.913947 0
-0.822031 -0.377325 0
-1.829680 0.120616 0
1.095833 1.545366 0
1.392025 -0.843678 0
-0.893061 1.486043 0
-0.282582 0.943409 0
-1.584794 0.829294 0
-0.230703 0.787571 0
-1.814312 -0.237259 0
-1.854032 0.327892 0
-1.103221 1.441985 0
-1.724746 0.249416 0
-0.838910 -0.309614 0
-0.763279 0.570495 0
0.526725 -0.688091 0
1.705610 -0.396230 0
0.772268 -0.561554 0
1.810166 0.185827 0
1.562089 0.736739 0
0.690402 -0.561870 0
-0.593242 -0.828735 0
0.830160 0.428397 0
-1.767004 0.244833 0
0.867785 0.249109 0
0.928717 -0.200685 0
0.374163 -0.820045 0
1.716991 -0.202769 0
1.310270 -1.225289 0
1.243134 1.280215 0
-0.632372 -0.713812 0
0.018464 -0.872968 0
-0.094436 1.793219 0
0.115331 1.810857 0
0.110365 -0.889107 0
0.819950 -0.369886 0
1.675537 -0.526747 0
0.746941 0.414875 0
-0.391959 -1.740353 0
1.775385 -0.197934 0
1.410037 1.105628 0
-0.860450 0.234001 0
-1.687387 -0.397397 0
-1.215672 1.445124 0
0.391616 -1.730180 0
-1.657951 -0.178636 0
0.043045 -0.854651 0
0.813532 1.634153 0
-1.134803 1.435072 0
0.840577 0.262664 0
-0.496210 -0.721066 0
1.317693 1.257048 0
0.730770 0.346633 0
0.388960 -0.687342 0
-0.144056 0.817904 0
-0.908510 -0.419159 0
0.916439 0.040061 0
-1.366400 1.162252 0
-1.097562 1.445698 0
0.852570 -0.231608 0
1.572703 -0.913030 0
-0.441139 -0.778066 0
0.888933 -0.233423 0
-1.555388 -0.547390 0
0.185630 0.847044 0
-1.736154 0.259889 0
0.651984 -1.628448 0
-0.813607 1.691332 0
0.135213 -0.885158 0
1.731063 -0.542562 0
-0.291740 -0.929148 0
-0.213085 0.907945 0
-0.728673 0.598177 0
0.774206 0.382082 0
-1.731233 -0.010438 0
-1.232640 -1.054363 0
1.146391 1.442117 0
-0.630668 -0.733668 0
-0.289128 -0.839571 0
1.472017 -0.862445 0
-0.806278 -0.377153 0
-0.845655 -1.622864 0
1.245614 -1.285094 0
-0.868237 0.148203 0
-0.148780 -0.903739 0
0.470200 0.702775 0
0.087464 0.968890 0
-1.756102 0.126851 0
0.903213 -0.063942 0
-1.802796 -0.185324 0
-0.267962 1.833341 0
1.563639 0.905880 0
-0.531853 -0.805554 0
0.662716 0.654974 0
-1.184894 1.328672 0
-0.079554 -0.876109 0
0.870192 0.197585 0
-0.852755 -0.110157 0
-0.687154 0.637051 0
0.816954 0.386700 0
-0.361774 -1.682903 0
-1.240665 -1.361621 0
-0.829594 -0.365170 0
-0.228027 -0.834412 0
0.304563 -0.740756 0
-0.615639 -0.765127 0
0.043204 1.841059 0
0.877316 0.086215 0
1.803651 -0.045699 0
-0.016820 -0.947263 0
-1.613919 0.888422 0
-0.395851 1.808449 0
-0.156758 0.901046 0
0.387873 -0.702713 0
-0.159706 0.899611 0
-0.458279 0.852652 0
-0.463173 -1.755975 0
-0.957561 1.575773 0
1.722445 0.536090 0
1.292663 -1.197751 0
-0.840929 -0.201622 0
-0.648348 1.576747 0
0.262476 0.897513 0
-0.220080 0.864940 0
-0.391564 0.832253 0
0.067700 -0.860867 0
-0.155928 0.809317 0
-1.024635 1.435042 0
1.207115 1.320299 0
1.720626 0.254756 0
0.796800 -0.250404 0
0.510368 0.705922 0
0.667487 0.591856 0
-0.610365 0.636425 0
0.424392 0.751388 0
0.853700 -0.352588 0
-0.022399 -1.763005 0
-0.507129 0.644973 0
-0.829003 -0.296938 0
-0.591932 -1.733771 0
0.945205 -1.574058 0
-0.992532 -1.445913 0
0.744286 -0.483301 0
-0.543960 0.752815 0
1.752934 -0.271040 0
0.886273 0.119726 0
0.842355 -0.198553 0
-0.926987 0.073245 0
-1.701741 0.070963 0
-0.002721 0.811380 0
-0.560270 1.597530 0
-1.717982 -0.608976 0
-0.260207 1.717464 0
1.339276 1.061443 0
-0.084043 1.829190 0
-1.021035 -1.452550 0
0.803520 0.278875 0
0.630071 1.821662 0
0.786238 0.147687 0
-1.599954 0.847233 0
-0.552636 -0.673383 0
0.417630 0.655854 0
-1.392969 -1.122859 0
0.649552 1.609827 0
-0.454014 -0.749431 0
-0.694732 -0.368124 0
-0.706397 -0.398150 0
-0.720351 0.599516 0
-0.240750 -0.927933 0
1.806062 -0.108521 0
0.544887 -1.806232 0
0.537765 0.706018 0
-0.197989 -0.889081 0
1.374063 1.142034 0
0.511001 1.843086 0
-0.903247 0.225716 0
-0.853711 -0.376585 0
-0.624502 -0.645703 0
0.825927 1.624145 0
-0.828104 0.327247 0
0.921172 0.076127 0
-1.724670 -0.331581 0
0.596485 1.594396 0
-0.162446 0.853419 0
-1.648625 -0.630446 0
-0.549492 0.533799 0
-0.067482 0.878328 0
-1.854427 -0.365486 0
0.930187 0.153895 0
0.730057 -0.538496 0
0.455095 0.885074 0
0.107910 0.909475 0
-1.668717 0.315804 0
1.224306 1.355840 0
0.889230 -1.494326 0
0.187168 -1.734920 0
1.761451 0.546762 0
-1.142143 -1.404730 0
0.616646 1.663806 0
0.515851 -0.826225 0
0.475581 1.707171 0
-0.122579 -1.868821 0
0.413836 0.833121 0
0.146997 0.970627 0
-0.684568 -1.628123 0
-0.792692 0.311941 0
-0.453940 -0.826110 0
-0.714976 1.640380 0
-0.468414 0.812632 0
-0.648505 1.674785 0
0.067936 -0.861592 0
-0.947599 -0.138389 0
-0.565692 0.768695 0
1.310579 -1.311617 0
0.435991 -1.847109 0
0.060227 0.893307 0
-0.872415 -0.337623 0
1.490278 0.907318 0
0.601640 -0.721707 0
0.024089 1.738680 0
-0.620660 1.648004 0
0.040633 1.693522 0
-0.663646 -0.648791 0
-0.210445 0.858125 0
-0.377458 0.821665 0
-0.593937 -1.772973 0
1.485968 -1.112674 0
0.219140 0.787209 0
-0.655632 0.564239 0
-0.827596 0.418993 0
0.813844 0.258193 0
-1.752354 -0.069401 0
-0.308106 -0.821993 0
0.548139 -0.819282 0
-1.709496 0.628825 0
0.553034 0.716977 0
-1.016629 1.488297 0
1.769747 0.036031 0
-1.029681 1.546463 0
0.906232 0.115541 0
1.675919 0.612379 0
0.881971 -0.144774 0
-0.187877 -1.798259 0
0.957474 1.542216 0
0.968725 0.230593 0
1.161190 -1.251175 0
-0.610281 0.622607 0
1.632383 -0.657633 0
1.209562 1.274950 0
-0.901543 0.171644 0
-1.083639 -1.427950 0
0.750987 -0.244686 0
0.113941 0.859214 0
1.465114 -1.014629 0
1.763887 0.297880 0
-0.733028 1.603125 0
1.761681 0.774577 0
0.358578 1.630991 0
-1.436971 -0.932705 0
1.785759 -0.238343 0
0.782861 0.523226 0
-0.253675 -0.931030 0
-0.848863 0.273579 0
0.698523 0.535999 0
-1.448249 1.093099 0
-0.535432 0.744157 0
0.147718 1.826796 0
1.690083 -0.703813 0
1.265664 -1.295891 0
0.178724 -0.926629 0
-1.333213 1.244516 0
0.883207 -0.165224 0
-0.171882 -0.803317 0
0.906530 0.008107 0
-0.048712 -0.881005 0
-0.556420 -0.798655 0
-0.114216 0.863218 0
1.352547 -1.165154 0
0.525219 -0.698068 0
0.930024 0.326204 0
-0.313038 1.683951 0
-1.788246 0.505852 0
-1.488341 1.042848 0
-0.376789 1.735714 0
0.829308 -0.176893 0
-1.361744 1.154337 0
-1.814936 -0.082369 0
0.303336 1.715999 0
-1.626832 -0.656813 0
-0.578731 1.718170 0
0.731029 -1.607890 0
1.832901 0.316523 0
-0.632438 -1.573959 0
-0.899667 0.029749 0
1.439961 0.957945 0
1.251259 1.251538 0
-0.825845 -0.183510 0
-1.742172 -0.160257 0
0.603550 0.687398 0
1.821122 -0.067329 0
-1.796574 0.043158 0
-0.955851 1.423439 0
-0.346302 -0.738873 0
-0.372310 0.782504 0
-1.457512 1.046473 0
0.147714 -0.841523 0
0.732615 -0.576095 0
-1.746444 -0.576708 0
0.821642 -0.370050 0
0.173756 0.858251 0
1.728169 0.603559 0
-0.329311 1.775705 0
-0.418669 -1.701697 0
0.382760 -0.851910 0
-1.057262 -1.529204 0
0.453520 -1.690679 0
1.334328 1.106413 0
-0.759200 -1.598865 0
-1.250874 1.247248 0
-0.584389 -0.626751 0
0.532500 0.635439 0
1.454055 0.994301 0
0.028326 -1.717318 0
0.152501 1.803134 0
-0.851655 0.071821 0
0.656408 -0.675146 0
-0.928017 -1.527573 0
1.009714 1.419733 0
-1.364314 1.089909 0
1.490865 1.091971 0
1.604050 0.676637 0
-0.915716 0.077533 0
0.903911 0.182822 0
0.834672 0.160216 0
-0.418259 -0.700258 0
-0.624070 0.510365 0
0.691858 -0.628771 0
-1.715178 0.681143 0
0.297114 -1.788800 0
0.941234 -1.422921 0
0.045663 -1.735550 0
0.442685 0.783698 0
0.627395 -0.720683 0
0.898336 -0.451648 0
-1.751224 -0.540927 0
1.102362 -1.500359 0
0.947108 0.000327 0
0.835498 -0.272892 0
-0.354404 -0.884825 0
-1.309418 1.239128 0
0.139140 -0.897320 0
0.651596 0.379916 0
0.916413 -1.560624 0
-0.626498 -1.654357 0
0.440389 1.822220 0
-1.708472 0.520144 0
0.675720 -0.544723 0
-1.019511 -1.517124 0
1.662376 0.714877 0
1.799864 -0.109926 0
0.827447 1.576126 0
0.953261 0.067672 0
-1.289836 -1.192546 0
-0.291044 -0.843476 0
0.212825 0.882584 0
0.133760 -0.866519 0
-0.007536 0.786532 0
-1.549174 -0.890808 0
0.101084 1.820294 0
0.064208 -1.770789 0
-0.584688 -0.575587 0
-1.622540 -0.709646 0
-1.619459 0.723997 0
1.075530 -1.395140 0
1.406332 -1.157095 0
-1.746255 0.426495 0
-1.363876 -1.057986 0
-0.353019 0.735597 0
1.852951 0.293021 0
0.252544 0.885178 0
-0.842566 0.129512 0
-0.845581 0.198092 0
0.815276 -0.181334 0
0.491486 -0.817377 0
-0.642020 0.605578 0
0.627397 -0.708699 0
-1.776010 0.396881 0
-1.272004 -1.330968 0
-1.587512 0.933215 0
0.842129 0.106438 0
-0.009592 -0.921435 0
-1.472192 -1.019798 0
0.248642 1.702861 0
1.668913 -0.774037 0
0.867311 -0.065613 0
0.863846 1.628999 0
0.802695 0.501972 0
-0.308662 -0.762575 0
-0.728620 -0.573702 0
0.740738 0.561949 0
1.367511 1.118388 0
-0.027279 0.883297 0
-0.722418 -0.405052 0
-1.772129 0.490245 0
-1.702770 -0.322836 0
-0.561094 -0.672566 0
-1.799940 -0.213267 0
-1.775596 -0.145110 0
0.366776 0.908452 0
-0.062169 -0.925900 0
1.028091 1.541376 0
-0.438257 -0.863811 0
-0.868568 -0.109371 0
-0.515443 1.778419 0
-0.217833 -0.798866 0
1.717886 0.336094 0
-0.636563 -0.504069 0
0.926836 0.091626 0
-1.851594 -0.219031 0
-0.938096 1.484809 0
-0.807845 1.543103 0
-0.917847 0.159824 0
1.661197 0.550432 0
0.431175 -1.709589 0
1.354134 -1.046233 0
-0.778539 -1.562036 0
0.558824 -0.677153 0
0.904092 -0.145177 0
-0.966751 0.058194 0
-0.636145 0.719151 0
-0.647309 -0.614301 0
1.094471 1.460786 0
-0.571063 0.697294 0
-1.739915 -0.049471 0
0.426882 0.859061 0
0.823197 -1.584242 0
-0.410306 0.767808 0
0.621117 -1.664718 0
-0.089700 -0.818488 0
-0.574301 0.788481 0
0.881121 -1.543419 0
0.820408 0.401132 0
0.286186 0.793525 0
1.424094 -1.212709 0
0.354437 -1.793094 0
-0.633081 0.655220 0
1.801087 -0.378773 0
0.239402 1.727393 0
1.593656 -1.135623 0
-0.788456 1.602423 0
1.594225 -0.769740 0
-0.798269 0.093689 0
-0.696317 0.461991 0
-0.477529 -0.824642 0
0.511926 0.788063 0
1.697269 -0.582375 0
0.866631 -0.194662 0
-1.614371 0.858470 0
0.855361 1.579123 0
0.154066 -0.919304 0
0.447092 1.758386 0
-0.291766 -0.765833 0
0.835582 -1.651205 0
0.649646 1.720375 0
0.851613 1.553349 0
-0.565155 0.753151 0
0.637379 0.608135 0
0.766225 0.201554 0
0.729858 -1.774093 0
0.933679 -0.177830 0
-0.458243 -0.725848 0
-1.661259 -0.598315 0
1.253511 1.341642 0
1.788551 -0.148454 0
-1.730903 0.525728 0
-0.617110 -0.683133 0
0.707747 0.573332 0
0.710430 0.572636 0
0.865021 0.013399 0
-0.084711 0.956303 0
0.007003 -0.964688 0
0.672242 -0.700037 0
0.745940 -0.419739 0
-0.780150 0.338393 0
1.160597 -1.351672 0
1.080600 1.378407 0
0.806292 0.433539 0
-0.349609 0.836392 0
0.658301 -0.542003 0
-1.336921 -1.149636 0
-0.748083 0.539049 0
0.351726 -1.709065 0
-0.751160 0.425085 0
-0.805685 0.372379 0
-0.905760 -1.487336 0
1.596734 -0.684394 0
-1.771924 -0.015832 0
-0.244399 0.986332 0
-0.856534 -0.388501 0
-1.637637 -0.367044 0
-1.613906 -0.598607 0
-0.661201 -0.639055 0
0.174193 1.780698 0
1.584032 -0.858018 0
0.677595 0.459024 0
-1.592491 -0.858081 0
0.892646 -0.154863 0
-0.161013 -0.850440 0
1.774520 -0.366101 0
-1.162005 1.219785 0
-0.857054 0.122002 0
-0.925966 -0.036926 0
1.047454 -1.407024 0
1.723427 -0.205990 0
-1.059381 -1.601609 0
1.613739 -0.935653 0
1.780910 0.003194 0
-0.015631 0.953892 0
-0.824789 -0.393813 0
-0.796234 -0.426680 0
-1.714237 0.724685 0
1.096464 1.489875 0
-0.356475 1.672816 0
0.589688 0.593494 0
-0.869293 1.693319 0
0.935963 -0.125570 0
-0.649774 -0.523808 0
0.361330 -0.909586 0
-0.938927 -0.154430 0
-0.286865 -0.787881 0
-1.804262 0.092710 0
-0.889034 1.556478 0
1.730389 -0.213808 0
1.750855 0.442463 0
0.691780 0.656636 0
0.380721 -0.768394 0
1.508071 -0.915808 0
-0.922133 -0.289673 0
1.771893 0.089307 0
0.805641 1.649116 0
0.714181 0.597590 0
-1.722006 0.340217 0
-1.345955 1.119777 0
1.642992 -0.705672 0
-0.591860 0.557232 0
-0.179949 -0.841782 0
-1.780288 0.086163 0
-0.506402 -0.762949 0
-0.583934 1.671850 0
-1.698116 0.522262 0
-0.175059 -0.847458 0
0.572147 -1.794723 0
-1.392640 -1.123320 0
1.445609 0.917908 0
-0.245168 0.783559 0
-0.789072 1.592344 0
1.220295 -1.374427 0
1.011849 1.437199 0
0.827019 -0.164036 0
0.686420 -0.643445 0
0.239451 -1.738636 0
0.900238 1.621289 0
-0.505311 0.831505 0
-0.738363 -0.501474 0
0.539182 0.646212 0
1.703702 -0.680087 0
0.781370 1.586888 0
-0.479258 0.622773 0
-0.606270 -0.618790 0
1.771271 0.122848 0
-0.860657 -1.600657 0
0.573906 0.713478 0
-0.074030 0.764995 0
1.047565 -1.488719 0
0.068376 0.708305 0
-0.486479 -0.671893 0
-1.767781 -0.457794 0
0.847456 -0.232363 0
-1.864054 0.315816 0
0.555128 1.701689 0
-1.793061 0.514528 0
-1.559694 1.028394 0
0.201957 -0.796838 0
0.671815 -1.674388 0
-0.813450 -0.491394 0
-1.208733 1.291422 0
-0.207972 -0.846840 0
0.806825 -0.308553 0
-0.942711 0.341813 0
-1.789810 -0.400775 0
-1.262409 -1.307926 0
-0.772636 -1.591087 0
-0.362258 -1.773040 0
-0.455360 0.750809 0
0.159610 0.845537 0
-0.664152 -0.391591 0
-0.132538 -1.872537 0
0.195050 -0.912820 0
-0.625729 -0.626355 0
-0.940054 -0.061178 0
-0.050998 0.913732 0
0.379606 1.689052 0
-1.731803 0.568823 0
1.602154 0.825256 0
-0.856475 0.097048 0
0.626578 -0.632713 0
0.770918 -0.433502 0
-1.448395 -1.125823 0
0.519522 0.741792 0
-0.777257 -0.428558 0
0.201913 -0.838132 0
0.235923 -0.875328 0
-1.586753 -0.859320 0
0.843048 0.172782 0
0.444975 0.665490 0
0.526617 -0.736985 0
0.759524 0.526051 0
-0.558154 0.711936 0
0.437015 -1.690290 0
-0.031408 0.892211 0
-1.721894 0.394858 0
-0.591580 -0.758660 0
-0.559932 0.593175 0
-0.870974 -0.190175 0
-1.312066 -1.178582 0
-0.895155 -0.199194 0
0.630913 -0.699059 0
1.285633 -1.254157 0
0.135349 -1.714673 0
1.083779 -1.413015 0
0.536779 -1.732425 0
0.367061 0.747762 0
-1.300867 -1.174282 0
0.854235 0.273012 0
-1.360753 1.146715 0
-0.032989 0.861331 0
1.781965 -0.298006 0
1.696991 -0.583481 0
0.632610 0.582494 0
-0.192594 0.954014 0
-0.866030 -0.228933 0
-0.661821 0.503331 0
0.409756 -0.944350 0
-1.348077 -1.074374 0
0.319246 -1.757091 0
0.612241 1.679945 0
0.433901 1.744249 0
-0.885683 0.082743 0
0.948546 -0.106757 0
-0.899140 0.110460 0
0.512036 0.642066 0
-0.204631 0.773031 0
-0.426634 -0.908537 0
0.862458 -1.579870 0
0.639420 -1.668668 0
0.380964 1.737887 0
1.029295 1.339719 0
-0.640115 0.534670 0
0.792880 -1.625379 0
-0.417392 -0.768224 0
-1.713710 0.618846 0
-1.160234 -1.421021 0
-0.825753 -1.555440 0
0.540504 -0.684228 0
-0.227678 -0.878089 0
1.266619 1.293827 0
0.869214 0.460221 0
-1.456962 -0.789925 0
-0.916085 0.153371 0
1.743656 0.591019 0
0.539839 0.737644 0
-0.004522 -0.941605 0
-0.156825 0.831055 0
1.597455 -0.482923 0
0.864533 -0.355087 0
0.770616 -0.467427 0
0.865951 0.119462 0
0.394868 0.795742 0
-0.067882 -1.729902 0
0.646258 -0.484430 0
1.458266 0.994781 0
-0.702349 -1.611891 0
-0.854562 -1.592751 0
-1.795733 0.516323 0
-0.566373 1.737145 0
0.624758 1.674004 0
-0.722065 0.405845 0
-0.925417 -0.185994 0
0.885474 0.411886 0
-0.822903 -1.561400 0
0.208309 -0.905179 0
0.231971 1.852460 0
0.850111 0.413693 0
0.269325 1.677529 0
-0.035421 -0.928335 0
0.447634 -0.675531 0
0.833173 1.624952 0
-0.022754 1.743626 0
0.787023 1.578519 0
0.443190 -0.727340 0
0.331369 0.849034 0
-0.189798 1.745158 0
-1.392817 1.187006 0
1.719848 0.523121 0
0.823792 0.156486 0
-0.704065 1.697536 0
1.074498 -1.345767 0
1.834692 0.483026 0
-0.975681 0.169158 0
0.762598 -0.375594 0
-0.744442 0.416308 0
0.474709 0.859947 0
-1.625432 0.566037 0
-0.782144 0.216660 0
-0.136123 1.767096 0
-1.647989 -0.823059 0
0.924294 -0.124143 0
0.547121 0.787594 0
1.701642 -0.335760 0
0.158569 1.002198 0
-1.422438 1.141202 0
1.474803 1.014074 0
0.721890 0.374058 0
-0.283232 -1.767974 0
-0.078627 0.861976 0
0.490904 -0.775191 0
0.429451 -0.819349 0
0.430567 -0.807096 0
0.743099 0.569224 0
1.317204 -1.242769 0
-0.513826 -0.700805 0
0.359481 -0.901616 0
0.849512 -1.537618 0
-0.851030 -0.324998 0
-0.307790 1.736217 0
-0.663192 0.564301 0
0.502178 -0.756090 0
0.535605 -0.665592 0
1.751340 -0.401065 0
1.557029 -0.704522 0
-0.568496 0.625769 0
0.731017 -0.387143 0
-0.643259 1.714337 0
-0.449544 0.755418 0
-0.249386 0.866786 0
1.593164 1.004058 0
1.727775 0.348289 0
-0.464576 1.758257 0
0.780247 0.439772 0
1.773589 -0.217692 0
-0.838757 -0.196485 0
1.056268 1.464050 0
0.293044 1.701443 0
0.798660 -0.501614 0
-0.349637 1.769703 0
-1.101918 1.282117 0
1.678804 0.657774 0
0.372115 -1.696118 0
0.144347 -0.948443 0
-0.614423 -1.669753 0
-1.347488 1.237563 0
-1.256361 -1.294643 0
0.849700 1.487444 0
0.955889 -0.099521 0
-0.458479 -0.961170 0
0.076948 0.878692 0
1.506986 -1.070937 0
-0.976031 -0.102884 0
0.375666 0.755400 0
-0.061012 0.984563 0
1.796367 0.337663 0
-0.886512 0.036650 0
0.647195 1.765072 0
0.157584 0.899541 0
-0.856942 -0.326031 0
1.587429 -0.750581 0
0.607166 0.682656 0
0.398450 0.779938 0
0.444610 -1.687849 0
-0.578250 0.636468 0
0.723309 1.627980 0
1.740162 -0.039633 0
-0.262465 -0.824777 0
-0.520891 0.847604 0
-1.667928 0.742834 0
0.071705 1.881139 0
-0.422849 -0.767753 0
-1.386377 -0.999793 0
0.691422 -1.690405 0
-0.626692 0.571719 0
-1.411844 1.141161 0
-0.130658 -0.798009 0
-0.547112 -0.846355 0
1.164523 1.337293 0
0.368341 -0.766059 0
1.060688 -1.543834 0
-0.006450 -0.946456 0
-1.361031 1.218105 0
-1.087170 -1.413080 0
-1.503648 -0.941596 0
-0.642518 -0.534953 0
-0.807778 -0.481400 0
-1.173767 1.293404 0
0.752753 0.354393 0
-0.984683 -0.181765 0
-0.634315 -0.515813 0
1.739631 0.421833 0
-0.838020 0.191348 0
-1.567180 0.973607 0
0.857492 0.165273 0
1.865721 0.195615 0
0.520238 0.818211 0
-0.852313 0.415426 0
1.132059 1.072346 0
0.816715 0.251462 0
-0.783420 0.454126 0
0.877363 -0.154954 0
-0.787343 0.320698 0
-0.749647 0.438979 0
0.828771 0.273556 0
-0.042759 -1.840680 0
-0.348315 1.769304 0
-0.834495 -0.391292 0
1.743029 -0.096893 0
0.498529 -1.689544 0
0.859417 1.395488 0
1.772581 -0.212914 0
-0.002260 0.943831 0
1.248857 1.462841 0
-1.801045 -0.091561 0
0.839379 1.628955 0
1.824126 0.316256 0
0.681215 -0.575373 0
-0.163567 -1.852895 0
-1.813191 0.106876 0
-1.658785 -0.037648 0
-0.128485 1.716123 0
0.152413 0.860636 0
-1.798963 0.133334 0
-0.270341 0.887345 0
-1.694291 -0.154612 0
0.731002 0.460661 0
-0.066207 -0.983836 0
-1.017937 1.483975 0
-0.587514 -0.716855 0
-0.867738 0.067898 0
0.238036 1.736373 0
0.043710 -1.033272 0
-0.113464 -1.856193 0
-1.764841 0.014256 0
0.198146 0.922737 0
1.664672 -0.572362 0
0.787127 0.365135 0
-0.187067 0.831426 0
-0.430090 -0.763340 0
-0.939126 -0.283323 0
-0.710998 -0.558226 0
0.464657 0.789187 0
-0.174906 0.852672 0
-0.780152 -0.184815 0
0.791269 -0.326649 0
-0.866403 0.410836 0
-0.132119 0.880646 0
0.966093 0.244794 0
-1.679344 0.668625 0
-0.203566 1.767411 0
1.331208 1.166476 0
0.941234 -1.504034 0
0.233281 0.811951 0
0.737687 -1.755126 0
-1.769085 -0.214769 0
1.286916 1.231522 0
-0.864210 0.042498 0
-1.642618 -0.875955 0
0.891405 0.193791 0
-0.930194 -0.119120 0
-1.350307 1.153221 0
1.571126 0.757197 0
0.245633 -0.965440 0
-0.945074 1.488976 0
0.376365 0.885106 0
0.903238 -0.349754 0
-0.849904 0.441537 0
-1.743657 -0.290316 0
-1.746353 0.651977 0
-1.184722 1.393658 0
0.871941 0.019762 0
-0.856660 0.313206 0
0.773903 -0.498999 0
0.893255 1.575664 0
0.742625 0.393034 0
1.672320 0.407402 0
-0.621173 -0.466278 0
0.370309 0.808745 0
-0.812051 -1.690029 0
1.456959 -1.012632 0
0.537365 1.781426 0
-0.837046 1.460154 0
1.706082 -0.529286 0
-0.284831 -1.736402 0
-0.188544 -1.811388 0
1.034760 -1.508672 0
1.685627 -0.753390 0
-0.240064 -0.854332 0
-0.040004 -0.965383 0
-1.591643 -0.701308 0
0.211079 0.867365 0
-0.867647 -0.277296 0
1.288547 -1.216713 0
0.849679 0.353667 0
0.890857 -0.173218 0
-0.696277 -0.585934 0
1.174486 1.336866 0
0.588377 0.742659 0
-1.351247 -1.082703 0
0.796852 -0.367268 0
0.903667 0.012108 0
-0.264491 0.832717 0
1.003553 1.480666 0
0.759468 0.275154 0
1.508880 1.076964 0
0.579209 0.593630 0
-0.320790 -1.761166 0
0.532966 0.609151 0
0.129391 1.854356 0
1.331000 1.125290 0
-0.150787 -1.760455 0
1.628325 -0.627968 0
-1.567510 0.874429 0
0.667684 -0.590671 0
0.474298 -1.632993 0
-0.795784 0.174667 0
0.548428 -1.686581 0
-1.217859 1.374745 0
-0.513500 0.715918 0
0.437755 -0.731237 0
0.863410 0.076283 0
0.707066 0.528691 0
-0.629584 -0.630724 0
-0.002779 -1.729071 0
1.589655 -1.017892 0
